p_val	avg_log2FC	pct.1	pct.2	p_val_adj
2.27605181434425e-293	-2.58543444260347	0.765	0.999	8.33057724568138e-289
1.60576350785471e-251	-2.66108969821455	0.047	0.837	5.87725501509903e-247
5.872747299575e-223	-1.12749794110781	0.993	1	2.14948423911745e-218
2.24765905688937e-193	1.64395258596796	0.955	0.779	8.22665691412077e-189
1.18635714265321e-170	-1.03237630503828	0.963	0.998	4.34218577782503e-166
7.19143380947448e-151	-0.808317947968579	0.996	1	2.63213668860576e-146
7.07918583844711e-135	-1.02526737686062	0.973	0.999	2.59105280873003e-130
4.92009109441219e-127	-0.7612720507652	0.996	1	1.8008025414658e-122
2.18402368255535e-120	-1.23698791737546	0.551	0.934	7.99374508052083e-116
8.30931161304561e-107	-0.476619060693336	1	1	3.04129114349083e-102
9.71707563867031e-103	-1.23642134724965	0.844	0.958	3.55654685450972e-98
1.04940087389275e-102	-0.829670204685337	0.907	0.991	3.84091213853485e-98
1.18540678872978e-98	-1.1941877041012	0.012	0.403	4.33870738742985e-94
6.33086380017273e-98	1.14196843989524	0.892	0.765	2.31715945950122e-93
8.11302215752472e-95	-0.899506034476012	0.852	0.976	2.96944723987562e-90
3.99939047970322e-94	-1.0292856155523	0.689	0.94	1.46381690947618e-89
4.05465430878117e-89	-1.11140541557881	0.498	0.86	1.484044023557e-84
1.28475514242224e-88	-0.868421677068409	0.894	0.984	4.70233229677966e-84
5.54503169367871e-88	-0.971432134038901	0.927	0.991	2.02953705020334e-83
1.9169621418037e-85	-1.10439812644187	0.406	0.807	7.01627313521573e-81
1.86405226468041e-84	0.856008925726083	0.966	0.998	6.82261769395675e-80
4.63371791408046e-80	0.955682235390552	0.954	0.993	1.69598709373259e-75
8.5369642129177e-80	-1.16929000637256	0.525	0.849	3.12461427157001e-75
5.12614527209163e-75	-0.583806629640605	0.984	0.998	1.87622043103826e-70
1.65340669174255e-74	0.666928219250178	0.998	0.989	6.05163383244689e-70
4.14527940367999e-72	-0.68419153018178	0.919	0.997	1.51721371454091e-67
7.35824482122161e-71	-0.727598029298153	0.907	0.991	2.69319118701532e-66
8.49555352016252e-71	0.922563148151067	0.939	0.974	3.10945754391468e-66
1.24070525680945e-67	-1.59440893202962	0.306	0.652	4.54110531044825e-63
6.28697837504667e-67	-1.01272521467981	0.607	0.871	2.30109695505083e-62
5.72623002092003e-66	-0.515745702271542	0.995	0.999	2.09585744995694e-61
1.04609379356408e-64	-0.857407874725105	0.721	0.921	3.82880789382388e-60
1.66945398283285e-64	-1.14845143440684	0.921	0.967	6.11036852256651e-60
2.30805567648062e-63	-0.7484763657739	0.763	0.949	8.44771458148673e-59
4.81071172239498e-63	-0.684368921295699	0.91	0.988	1.76076859751379e-58
7.69380424032726e-63	0.907392750916308	0.824	0.733	2.81600929000218e-58
1.04331086914007e-62	1.4827714748943	0.515	0.171	3.81862211213955e-58
1.06772497741655e-62	-0.874274683673401	0.002	0.26	3.9079801898423e-58
1.92745584313768e-62	-0.651569694709582	0.863	0.976	7.05468113146823e-58
1.02702147643605e-60	-1.3191911590363	0.118	0.455	3.75900130590358e-56
1.00525438440898e-59	-0.821468017503594	0.731	0.922	3.67933157237531e-55
1.05250672014368e-59	-1.15959543184206	0.074	0.382	3.85227984639788e-55
1.71274751009075e-59	-0.970322484126593	0.433	0.771	6.26882716168315e-55
2.59945904112496e-59	-0.629053025899893	0.965	0.997	9.51428003642146e-55
7.94952164783905e-58	1.40864471151182	0.514	0.184	2.90960441832557e-53
8.51474830205162e-58	-0.845736123570404	0.525	0.822	3.11648302603391e-53
9.18161142621699e-58	-0.73611859583897	0.718	0.924	3.36056159810968e-53
1.17260356926825e-57	-0.873719670651962	0.552	0.837	4.29184632387871e-53
1.01968137109338e-56	-0.583808468900655	0.988	0.998	3.7321357863389e-52
4.70156330991974e-55	-0.82492121870502	0.441	0.756	1.72081918706372e-50
4.69911936951668e-54	-0.896256163661537	0.416	0.766	1.7199246804368e-49
4.8938699193804e-54	-1.49233622998887	0.553	0.834	1.79120532919242e-49
5.57683768559975e-54	-0.881474673981	0.549	0.828	2.04117836130636e-49
2.60024658536727e-53	1.2019645816196	0.315	0.043	9.51716252710276e-49
1.05764662140491e-52	-1.08352577874093	0.761	0.847	3.8710923990041e-48
4.99535486602846e-52	-0.799780747859004	0.459	0.781	1.82834983451508e-47
6.1408406263504e-51	-0.825965609822259	0.694	0.888	2.24760907765051e-46
4.29736237386211e-50	-0.580264576576373	0.899	0.974	1.57287760245727e-45
1.25398835950465e-49	-0.76508409500179	0.003	0.213	4.58972279462297e-45
9.4254401497812e-49	1.40707495669313	0.284	0.034	3.44980534922142e-44
6.55169934574931e-48	-0.689766632027397	0.757	0.928	2.3979874775377e-43
1.33847838660034e-47	-0.794061912160942	0.315	0.649	4.89896474279592e-43
4.30202446897696e-47	0.850937564965611	0.773	0.561	1.57458397589026e-42
7.81266503256908e-47	1.12417500395952	0.356	0.087	2.85951352857061e-42
1.20239176952645e-46	-0.725084778063812	0.041	0.281	4.40087411564376e-42
1.65512669618386e-46	0.52929136659991	0.994	0.998	6.05792922070256e-42
2.72784903517496e-46	0.613071065055338	0.953	0.998	9.98420025364385e-42
1.19025850316369e-44	-0.814430573744864	0.452	0.728	4.35646514742942e-40
1.41030853461488e-44	-0.897286194509859	0.446	0.72	5.16187026754394e-40
2.75673620320087e-44	-0.920851365736435	0.883	0.955	1.00899301773355e-39
9.10061227753149e-43	-0.784969624683308	0.228	0.52	3.3309150996993e-38
9.19180739072985e-43	-0.780194542509351	0.209	0.509	3.36429342308103e-38
1.070138446163e-41	-0.641045015962961	0.767	0.93	3.91681372680121e-37
1.13548663765171e-41	-0.75066660345137	0.868	0.956	4.15599464246903e-37
1.23179195867377e-41	-0.422209998377902	0.972	1	4.50848174794186e-37
3.65822521204774e-41	-0.661995033909328	0.827	0.951	1.33894700986159e-36
1.83318347624403e-40	0.87415909149982	0.668	0.513	6.70963484140079e-36
1.34131546567307e-39	-0.464756672775366	0.885	0.971	4.90934873591e-35
2.3588178178236e-39	0.775555433037984	0.805	0.721	8.63350909501614e-35
3.3182324787124e-39	0.687202169680745	0.825	0.693	1.21450626953353e-34
4.85493990336671e-39	1.04080477552883	0.297	0.065	1.77695655403125e-34
4.03273196581376e-38	-0.703537884876473	0.563	0.803	1.47602022680749e-33
5.29480205930417e-38	0.651868992834893	0.893	0.842	1.93795050172592e-33
5.85795531225126e-38	0.768206458758175	0.186	0.007	2.14407022383708e-33
5.99240576391615e-38	-0.43220781030175	0.944	0.996	2.19328043365095e-33
6.52870355809374e-38	-0.6188064879434	0.768	0.922	2.38957078929789e-33
9.08697192428676e-38	-0.462398296841436	0.965	0.996	3.3259225940082e-33
1.01295473894527e-37	0.761388095358002	0.864	0.872	3.70751564001358e-33
1.9401567030311e-37	-0.491116548852737	0.88	0.979	7.10116754876413e-33
2.44145025638368e-37	0.995854485297306	0.511	0.255	8.93595208338992e-33
7.73613423056564e-37	0.819414308573491	0.67	0.491	2.83150248972933e-32
2.41901470243436e-36	-0.696952363438575	0.399	0.673	8.85383571237998e-32
7.87481282038786e-36	-0.728096736370292	0.429	0.691	2.88226024039016e-31
1.38313174533e-35	-0.882795970379075	0.365	0.638	5.06240050108232e-31
1.40126157494868e-35	0.619253374885464	0.944	0.915	5.12875749046965e-31
1.58432884180738e-35	-0.68955640820027	0.336	0.602	5.79880199389919e-31
2.3458086514684e-35	-0.546971392818206	0.803	0.937	8.58589424523951e-31
3.80288651064635e-35	-0.499620411380296	0.007	0.166	1.39189449176167e-30
8.53802962231284e-35	-0.573706164005733	0.722	0.885	3.12500422206272e-30
1.15354283458542e-34	-0.677114765421014	0.148	0.409	4.22208212886608e-30
2.39293449513152e-34	-0.700118632648046	0.357	0.621	8.75837954563089e-30
2.84688043577101e-34	-0.55107298035894	0.694	0.875	1.04198670829655e-29
6.65309384463524e-34	-0.619862357497657	0.803	0.924	2.43509887807494e-29
1.86411014421357e-33	-0.633131366664116	0.015	0.176	6.8228295388361e-29
2.49725943534371e-33	-0.557830857323788	0.676	0.852	9.14021925930152e-29
3.83138533174451e-33	-0.611038116050302	0.407	0.661	1.40232534527181e-28
3.41285892151037e-32	0.741524390147494	0.646	0.37	1.24914049386201e-27
3.52680790827335e-32	-0.777465910420966	0.668	0.815	1.29084696250713e-27
3.66357671903506e-32	-0.750545446787098	0.338	0.601	1.34090571493402e-27
4.08565228101949e-32	0.853088248108762	0.364	0.135	1.49538959137595e-27
4.41642814685392e-32	-0.786984040480875	0.287	0.518	1.61645686603e-27
4.88843990130632e-32	0.698765364683074	0.745	0.58	1.78921788827713e-27
5.06245643546597e-32	0.753758036662342	0.738	0.587	1.8529096799449e-27
7.17407121754914e-32	0.527150935987421	0.874	0.887	2.62578180633516e-27
1.13879800525471e-31	0.778049910482484	0.731	0.569	4.16811457903276e-27
3.71472278335946e-31	-0.634896161845988	0.53	0.743	1.35962568593739e-26
4.38604886711234e-31	0.578023159831417	0.9	0.856	1.60533774585179e-26
5.11928491960977e-31	0.829574730971773	0.234	0.046	1.87370947342637e-26
5.7769112145787e-31	0.502925462819341	0.944	0.958	2.11440727364795e-26
6.28521200487051e-31	0.807040701399501	0.664	0.472	2.30045044590265e-26
1.01504965419333e-30	-0.653970631782479	0.288	0.524	3.715183239313e-26
1.11430955981746e-30	-0.596151211592724	0.463	0.706	4.07848441988789e-26
1.43523183460472e-30	-0.657173703159043	0.37	0.604	5.25309203783673e-26
2.28407270137706e-30	0.569566660482472	0.829	0.76	8.35993449431019e-26
4.08767488918996e-30	-0.370972563150512	0.954	0.993	1.49612988619242e-25
6.09789561200209e-30	-0.59248265574317	0.302	0.555	2.23189077294889e-25
6.87594686175926e-30	0.819179881763292	0.419	0.184	2.51666531087251e-25
9.17131160829938e-30	0.371817451937089	0.968	0.999	3.35679176175366e-25
6.41111432481914e-29	0.909230592147459	0.457	0.235	2.34653195402705e-24
6.9261153501802e-29	-0.559577316258241	0.508	0.737	2.53502747931946e-24
2.09707009101669e-28	0.879090949317713	0.432	0.21	7.67548624013018e-24
2.27298420294563e-28	-0.705267000929366	0.233	0.463	8.3193494812013e-24
2.4655741268629e-28	-0.559801267800446	0.047	0.222	9.0242478617309e-24
2.49335225285136e-28	0.732048182461744	0.71	0.54	9.12591858066127e-24
2.63850393036503e-28	-0.589414863468725	0.258	0.509	9.65718823552905e-24
3.28354377890477e-28	0.397390843700784	0.973	0.991	1.20180985851693e-23
4.55957289669089e-28	0.675732367227029	0.877	0.783	1.66884927591783e-23
4.6117718481658e-28	-0.600332559876649	0.167	0.394	1.68795461414716e-23
5.02202646118979e-28	-0.511538658836854	0.504	0.738	1.83811190506007e-23
5.52651499338474e-28	0.706691640568805	0.377	0.155	2.02275975272875e-23
6.52179442512314e-28	-0.72724773661323	0.252	0.479	2.38704197753932e-23
1.05992748275913e-27	0.686900889338103	0.752	0.592	3.8794405796467e-23
1.29330363661653e-27	-0.627664330729473	0.113	0.317	4.73362064038015e-23
1.3081697594713e-27	-0.465839416350691	0.938	0.983	4.78803213664091e-23
2.40733409613005e-27	-0.601049464233315	0.251	0.483	8.81108352524559e-23
2.46225728230168e-27	0.730456170875829	0.266	0.075	9.01210787895236e-23
4.26601429813545e-27	-0.585529140960636	0.497	0.731	1.56140389326055e-22
4.67338277432437e-27	-0.334661334089822	0.986	0.996	1.71050482923046e-22
1.05319305134671e-26	0.670806142030508	0.722	0.593	3.85479188723408e-22
1.15109609141821e-26	0.403286565878356	0.994	1	4.21312680419978e-22
1.26629718689394e-26	0.749344208683473	0.654	0.497	4.63477433375051e-22
1.45261595379809e-26	-0.584596718911645	0.635	0.817	5.3167196524964e-22
1.83114561307967e-26	0.866142656390861	0.444	0.219	6.70217605843292e-22
2.58821301446459e-26	0.659395140241264	0.69	0.529	9.47311845424185e-22
4.42801953662943e-26	-0.601136781729722	0.145	0.354	1.62069943060174e-21
5.03480689142392e-26	0.636063188898021	0.29	0.1	1.84278967033007e-21
5.14900414822413e-26	-0.591644566926192	0.296	0.536	1.88458700829151e-21
5.50119823789091e-26	-0.482363957962911	0.054	0.222	2.01349356705045e-21
1.17919727561604e-25	-0.532052356811166	0.593	0.791	4.31597994848226e-21
1.2852043912865e-25	-0.630653664375751	0.278	0.513	4.70397659254773e-21
2.034540068518e-25	0.773845181445098	0.357	0.154	7.44662010478275e-21
2.04432574416773e-25	0.917177871800405	0.429	0.229	7.48243665622829e-21
2.04683209069362e-25	-0.553914435943409	0.283	0.512	7.49161013514774e-21
2.05499241053394e-25	0.59746574749141	0.258	0.08	7.52147772179528e-21
2.05867411903711e-25	-0.561239646833463	0.093	0.274	7.53495314308772e-21
2.58081494094931e-25	-0.609998241332569	0.128	0.326	9.44604076536858e-21
2.99979741479239e-25	-0.566928842448631	0.505	0.704	1.09795585178816e-20
3.25183625389389e-25	-0.515037054825369	0.459	0.671	1.1902045872877e-20
3.27927345291176e-25	-0.556684090138136	0.395	0.62	1.20024687650023e-20
4.00205151720088e-25	-0.531547590279715	0.486	0.698	1.46479087581069e-20
4.26362725142713e-25	0.527781910876315	0.212	0.052	1.56053021029484e-20
5.09846401172427e-25	0.626016195310244	0.827	0.725	1.8660888129312e-20
1.80154259558706e-24	1.01525041814371	0.391	0.196	6.5938260541082e-20
1.95802868727037e-24	-0.575784190068046	0.49	0.684	7.16658079827828e-20
4.41731856893689e-24	-0.56622739977648	0.211	0.42	1.61678276941659e-19
5.19874962121403e-24	-0.538080810482838	0.263	0.482	1.90279434886055e-19
5.36703042173163e-24	0.332986916774915	1	0.998	1.96438680465799e-19
6.6129235179354e-24	-0.48334793647573	0.436	0.654	2.42039613679954e-19
1.01332043410056e-23	0.651112339157756	0.187	0.04	3.70885412085147e-19
1.08122898363707e-23	0.737163614599544	0.48	0.278	3.95740620301004e-19
1.27449471055169e-23	-0.713004811092824	0.331	0.54	4.66477809009025e-19
1.42202643302304e-23	-0.663247786198262	0.424	0.622	5.20475894750762e-19
1.62707816828825e-23	-0.414597264968695	0.753	0.9	5.95526880375183e-19
1.93942005658179e-23	0.585334441706484	0.366	0.163	7.098471349095e-19
2.68314822689248e-23	-0.538593866026525	0.413	0.626	9.82059082524918e-19
2.8504512614866e-23	0.373928742313939	0.998	0.999	1.04329366621671e-18
3.28917328995022e-23	-0.554275266330797	0.162	0.352	1.20387031585468e-18
3.69351333816474e-23	0.53955293977559	0.21	0.054	1.35186281690168e-18
4.59526528132789e-23	-0.557143117239587	0.258	0.462	1.68191304561882e-18
5.28164566101156e-23	-0.441096975899056	0.785	0.937	1.93313512838684e-18
8.65782072472404e-23	-0.52131519568676	0.212	0.42	3.16884896345625e-18
8.96120330964246e-23	0.545570095377333	0.202	0.051	3.27989002336224e-18
1.32899836353658e-22	0.757661950716695	0.484	0.296	4.86426691038025e-18
1.41276968657513e-22	-0.501544764287091	0.264	0.478	5.17087832983362e-18
1.47046748147721e-22	-0.421638286860864	0.796	0.944	5.38205802895472e-18
1.70390102269116e-22	-0.531845631265171	0.326	0.533	6.23644813315191e-18
1.79002692717675e-22	-0.514539279675625	0.195	0.402	6.55167755615961e-18
2.72204745722609e-22	-0.642715666842175	0.444	0.625	9.9629658981932e-18
4.40213576304334e-22	0.797447639238042	0.364	0.175	1.61122571063149e-17
4.73835328441478e-22	-0.5374320734537	0.209	0.417	1.73428468562866e-17
7.27967580896231e-22	-0.364470375130717	0.859	0.933	2.6644341428383e-17
9.06840641994236e-22	-0.463433914111723	0.408	0.64	3.3191274337631e-17
1.5142474514704e-21	-0.45598097701212	0.158	0.354	5.54229709712682e-17
1.561014633847e-21	-0.46858116849947	0.047	0.188	5.71346966134342e-17
1.68354027070076e-21	-0.5209348968075	0.14	0.321	6.16192574479186e-17
1.74139672615929e-21	-0.490194645689134	0.345	0.537	6.37368615741561e-17
1.90129850406235e-21	-0.36008923615597	0.014	0.125	6.95894265471861e-17
2.19057223705843e-21	-0.541649289678759	0.329	0.545	8.01771344485756e-17
2.86386713894988e-21	0.656475986193505	0.627	0.458	1.04820401152704e-16
3.32436321554334e-21	-1.62653382244654	0.173	0.343	1.21675018052102e-16
3.44244108133588e-21	0.436646808180329	0.917	0.875	1.25996786017974e-16
3.46628134656688e-21	0.66092244440095	0.722	0.592	1.26869363565694e-16
3.71516105012869e-21	0.683970834767714	0.504	0.32	1.3597860959576e-16
4.41977834831175e-21	-0.43761451593597	0.387	0.603	1.61768307326558e-16
4.42510064291033e-21	0.638356712891882	0.615	0.463	1.61963108631161e-16
6.05373010343611e-21	-0.442135912694126	0.094	0.258	2.21572575515865e-16
6.35443628918597e-21	-0.480735730452643	0.423	0.617	2.32578722620496e-16
6.60893664247867e-21	0.53855073737944	0.85	0.776	2.41893690051362e-16
6.6157544457358e-21	0.681757821264877	0.652	0.499	2.42143228468376e-16
9.53878128163807e-21	-0.446781940706964	0.52	0.708	3.49128933689235e-16
1.54864831332291e-20	0.544707069580045	0.161	0.033	5.66820769159319e-16
1.62823210770586e-20	-0.568126619336761	0.232	0.417	5.95949233741422e-16
1.9630697390318e-20	-0.441652741249486	0.618	0.778	7.18503155183027e-16
2.20931573084028e-20	-0.456601208571995	0.461	0.671	8.08631650644849e-16
2.23396993830652e-20	-0.540188562489425	0.428	0.624	8.1765533711957e-16
2.2681966042831e-20	-0.778434553900212	0.27	0.462	8.30182639133658e-16
2.29922562805083e-20	0.640140902442531	0.514	0.331	8.41539572122883e-16
2.72079855580495e-20	-0.308524085779967	0.962	0.994	9.95839479410171e-16
2.96247787283519e-20	-0.505474419074836	0.483	0.676	1.08429652623641e-15
3.14446718266669e-20	0.653535537199284	0.646	0.497	1.15090643352784e-15
3.67520438917594e-20	-0.550818131082805	0.303	0.517	1.34516155848229e-15
3.69459384458658e-20	-0.563223903216921	0.485	0.665	1.35225829305713e-15
3.81178199446348e-20	0.466362369361641	0.861	0.821	1.39515032779358e-15
4.11395959666037e-20	0.592507269422622	0.708	0.603	1.50575035197366e-15
4.30935328840027e-20	-0.52929194261801	0.299	0.497	1.57726639708738e-15
4.89105149007404e-20	0.630583303778464	0.303	0.129	1.790173755882e-15
5.63921587631777e-20	-0.47981292087264	0.318	0.525	2.06400940289107e-15
6.17855767671173e-20	0.51856755299934	0.219	0.071	2.26141389525326e-15
7.34371346656914e-20	-0.425382712281327	0.558	0.742	2.68787256589897e-15
7.97725699525618e-20	0.658885355329324	0.405	0.22	2.91975583283371e-15
1.00237399734485e-19	-0.600230723800685	0.335	0.53	3.66878906768189e-15
1.08461274086947e-19	0.578761243880676	0.767	0.671	3.96979109285634e-15
1.09402023114198e-19	0.725934677764305	0.539	0.4	4.00422344800276e-15
1.22225205230861e-19	0.596999433053549	0.619	0.47	4.47356473665475e-15
1.22509856228489e-19	-0.534908002629044	0.218	0.418	4.48398324781893e-15
1.67616628354579e-19	0.484518360397999	0.878	0.931	6.13493621440596e-15
1.93888581136987e-19	0.570075152695164	0.732	0.621	7.09651595819485e-15
2.64937753733803e-19	0.489903961709629	0.867	0.806	9.69698672441093e-15
2.77048586606348e-19	0.588791044846948	0.628	0.475	1.01402553183789e-14
3.02186457456631e-19	0.430689971123041	0.18	0.046	1.10603265293701e-14
3.55993864660189e-19	0.576053039985408	0.643	0.508	1.30297314404276e-14
4.92088206492409e-19	0.652854008949781	0.588	0.421	1.80109204458287e-14
6.54747759510194e-19	-0.530227292060053	0.231	0.416	2.39644227458326e-14
6.97899147082522e-19	-0.432172084418728	0.665	0.808	2.55438066823674e-14
7.72889469661786e-19	0.491068426911252	0.822	0.762	2.8288527479091e-14
8.51071292155685e-19	-0.646412902978227	0.151	0.316	3.11500603641902e-14
8.73187520907801e-19	-0.419333184335735	0.467	0.662	3.19595364527464e-14
8.97680422775236e-19	0.641370469985509	0.528	0.366	3.28560011539964e-14
9.01251678791614e-19	-0.554184629743169	0.301	0.489	3.29867126954519e-14
9.01857347961663e-19	-0.468875684243503	0.257	0.447	3.30088807927448e-14
9.11415263756585e-19	-0.460932914072428	0.441	0.625	3.33587100687548e-14
9.47428641780769e-19	-0.471425960994514	0.339	0.537	3.46768357178179e-14
9.99674127368727e-19	-0.58107433370155	0.419	0.612	3.65890727358228e-14
1.15612565733416e-18	0.611016718157881	0.374	0.191	4.23153551840875e-14
1.1840929202831e-18	-0.469437873469909	0.703	0.837	4.33389849752817e-14
1.21350214542919e-18	0.584701063474393	0.559	0.391	4.44153920248537e-14
1.27155349984106e-18	0.400492941687475	0.968	0.99	4.65401296476828e-14
1.36661101136519e-18	-0.433951250565428	0.309	0.5	5.00193296269772e-14
1.61516490794482e-18	0.619643143362489	0.767	0.688	5.91166507956885e-14
1.7750359810088e-18	-0.505931959583978	0.379	0.557	6.49680919409029e-14
1.86604542743982e-18	-0.399825998438001	0.644	0.806	6.8299128689725e-14
1.99979816399407e-18	-0.415625023918623	0.287	0.48	7.31946126003471e-14
2.90893065397295e-18	-0.466212893353834	0.327	0.518	1.06469770866064e-13
3.11563896482671e-18	0.71773834285877	0.213	0.073	1.14035501751622e-13
3.40135795112579e-18	-0.522161230828217	0.236	0.411	1.24493102369155e-13
3.45771420324247e-18	-0.444234277519599	0.522	0.704	1.26555797552877e-13
3.9748279300089e-18	0.648646870314187	0.552	0.394	1.45482677066256e-13
4.0727930716313e-18	-0.488633127368758	0.125	0.283	1.49068299214777e-13
4.50489783972641e-18	-0.472386894782932	0.508	0.687	1.64883765831826e-13
6.71961416619739e-18	-0.45779648108728	0.216	0.397	2.45944598096991e-13
7.23771870441525e-18	0.484055715236592	0.927	0.921	2.64907742300302e-13
7.47609672216835e-18	0.419107274776571	0.156	0.037	2.73632616128084e-13
9.00360362808055e-18	-0.427355411490325	0.201	0.38	3.29540896391376e-13
9.2670963657948e-18	-0.322920375179064	0.014	0.109	3.39184994084455e-13
1.03437257392134e-17	0.595776107542178	0.286	0.131	3.78590705780951e-13
1.36786344308272e-17	0.562536273649202	0.645	0.522	5.00651698802707e-13
1.52551327201108e-17	-0.41857863229673	0.4	0.592	5.58353112688775e-13
1.55771574985291e-17	0.82393733760478	0.403	0.237	5.70139541603664e-13
1.77292828124442e-17	-0.452762818115893	0.189	0.36	6.4890948021827e-13
1.85858044185098e-17	-0.619997774978511	0.11	0.269	6.80259027521877e-13
1.87094737533216e-17	0.645757057128981	0.355	0.191	6.84785448845325e-13
1.99753649321293e-17	-0.43664682331271	0.452	0.63	7.31118331880866e-13
2.10525480238144e-17	0.509553436771505	0.193	0.062	7.70544310219631e-13
2.46641057665152e-17	-0.511716942510955	0.492	0.672	9.02730935160221e-13
2.50831430487318e-17	0.514226396617531	0.771	0.681	9.18068118726632e-13
2.61789054573761e-17	0.493975620288983	0.22	0.08	9.58174118645422e-13
2.70200896115458e-17	0.564814595848527	0.647	0.51	9.88962299872187e-13
3.03262651952211e-17	0.528627059278037	0.803	0.702	1.10997163241029e-12
3.06451635964202e-17	-0.456150756019319	0.258	0.44	1.12164363279257e-12
3.53376711306662e-17	0.357426158895968	0.132	0.026	1.29339410105351e-12
3.60202452380614e-17	-0.331668288384839	0.725	0.862	1.31837699595829e-12
3.62531761498865e-17	0.578870178716705	0.644	0.507	1.326902500262e-12
3.86217845703167e-17	-0.268321292375544	0.924	0.974	1.41359593705816e-12
4.08563222549014e-17	-0.512443130216734	0.28	0.452	1.49538225085165e-12
4.18564018103637e-17	-0.424424706619	0.1	0.242	1.53198616266112e-12
4.32467281662733e-17	-0.406403923584326	0.418	0.613	1.58287349761377e-12
4.47417703712432e-17	0.54291099099937	0.771	0.684	1.63759353735787e-12
5.05633659598205e-17	0.620575102904853	0.547	0.381	1.85066975749539e-12
5.34440009894092e-17	0.63946029503533	0.565	0.445	1.95610388021337e-12
5.61929287289016e-17	0.598464227107535	0.482	0.322	2.05671738440653e-12
5.82700912389584e-17	0.296933882624136	0.108	0.013	2.13274360943712e-12
6.43475809755364e-17	-0.393511277919184	0.251	0.442	2.35518581128561e-12
6.90223618974232e-17	-0.45389552242775	0.334	0.517	2.52628746780759e-12
7.19779261464585e-17	-0.379938017154673	0.517	0.692	2.63446407488653e-12
7.63231827035337e-17	-0.406949650669388	0.315	0.502	2.79350481013204e-12
8.82029636951954e-17	-0.471229136623014	0.526	0.693	3.22831667420785e-12
9.23492456524419e-17	-0.467817799353935	0.239	0.408	3.38007474012502e-12
1.08157520104242e-16	-0.389019188836191	0.521	0.694	3.95867339333535e-12
1.09160919459687e-16	-0.399255164243627	0.076	0.208	3.99539881314402e-12
1.12375069270002e-16	-0.297502334623862	0.023	0.12	4.11303991035134e-12
1.57362634138387e-16	-0.393897806023953	0.469	0.646	5.7596297720991e-12
1.57592211205394e-16	-0.47728836689665	0.291	0.464	5.76803252232863e-12
1.87971510751226e-16	-0.46801610531971	0.381	0.557	6.87994526500563e-12
1.98827515299816e-16	0.642161877573763	0.525	0.398	7.27728588748857e-12
2.08643376604272e-16	0.383976847544306	0.158	0.043	7.63655622709295e-12
2.2190335521016e-16	-0.47410876059505	0.162	0.32	8.12188470404708e-12
2.24850262669998e-16	-0.454143995618638	0.223	0.39	8.22974446398461e-12
2.59873159943358e-16	0.471535802565398	0.216	0.082	9.51161752708686e-12
2.69361011605892e-16	0.56737518345429	0.592	0.445	9.85888238578725e-12
2.79321686818248e-16	-0.365079494543614	0.507	0.696	1.02234530592347e-11
2.83677505874282e-16	-0.463227322018528	0.208	0.371	1.03828803925046e-11
3.22031243953322e-16	-0.432958226004504	0.326	0.493	1.17866655599355e-11
3.78395811654467e-16	-0.427830950838873	0.175	0.335	1.38496651023651e-11
3.97625963193152e-16	-0.325104652168288	0.853	0.957	1.45535078788325e-11
4.25246477070046e-16	0.606738880957703	0.508	0.356	1.55644463072408e-11
4.46063878554585e-16	0.441963024593232	0.149	0.039	1.63263840189764e-11
5.27137653853415e-16	0.459573092075302	0.205	0.075	1.92937652686888e-11
5.82929376037155e-16	-0.3696922477811	0.493	0.673	2.13357980923359e-11
5.85305289992028e-16	0.516590400542055	0.683	0.584	2.14227589189982e-11
6.88373412963269e-16	0.640966359623117	0.389	0.227	2.51951552878686e-11
7.01189231511307e-16	0.363077991494768	0.131	0.028	2.56642270625454e-11
8.3435617995343e-16	-0.424776017225352	0.134	0.282	3.05382705424755e-11
9.21995428375941e-16	-0.452425384860762	0.258	0.429	3.37459546739878e-11
9.27608241592867e-16	-0.39349277968919	0.424	0.597	3.39513892505405e-11
1.13416213569513e-15	-0.447238948896971	0.619	0.754	4.15114683285774e-11
1.13516977155042e-15	-0.491778384090781	0.28	0.443	4.15483488085169e-11
1.17001539656662e-15	-0.438880049290561	0.166	0.317	4.28237335297349e-11
1.24308479960531e-15	-0.251560742093396	0.971	0.994	4.5498146750354e-11
1.43291606758764e-15	-0.418276652712139	0.227	0.4	5.24461609897753e-11
1.47589438570114e-15	-0.409710501857568	0.643	0.778	5.40192104110474e-11
1.68383342280566e-15	0.587215488432505	0.44	0.271	6.162998710811e-11
1.71424014299862e-15	-0.596861573434761	0.409	0.573	6.27429034738926e-11
2.15546289414087e-15	0.473774589165822	0.786	0.717	7.88920973884498e-11
2.26924060284392e-15	-0.390759629123626	0.631	0.776	8.30564753046905e-11
2.30240884964938e-15	-0.313768284880258	0.811	0.922	8.42704663060169e-11
2.40118592492275e-15	0.502886008561825	0.175	0.057	8.78858060380977e-11
2.51471343612254e-15	-0.406387343933803	0.355	0.54	9.20410264755211e-11
2.81287417385767e-15	0.592368235006725	0.43	0.279	1.02954007637364e-10
3.40839644036594e-15	-0.359697365275012	0.135	0.287	1.24750718113834e-10
3.52957308989005e-15	-0.371827307177439	0.112	0.256	1.29185904663066e-10
3.5767954884298e-15	-0.474518212434184	0.294	0.469	1.30914291672019e-10
3.78228839835275e-15	-0.414646659272092	0.308	0.48	1.38435537668109e-10
4.1344767402202e-15	-0.411931483282263	0.467	0.653	1.513259831688e-10
4.41801224598319e-15	-0.334758219183644	0.036	0.136	1.61703666215231e-10
5.31781291996051e-15	0.554229153461089	0.357	0.203	1.94637270683475e-10
5.35464153673887e-15	0.457531284304476	0.28	0.133	1.95985234886179e-10
5.54826261234156e-15	-0.412849901411193	0.359	0.536	2.03071959874313e-10
5.88842634499544e-15	-0.331147197024246	0.497	0.67	2.15522292653178e-10
6.23356125612514e-15	0.324459062293835	0.95	0.94	2.28154575535436e-10
7.65712900906081e-15	-0.371073724121825	0.35	0.527	2.80258578860635e-10
7.8892309130753e-15	-0.402681818985822	0.371	0.529	2.88753740649469e-10
8.10994319956965e-15	-0.385713344740968	0.05	0.16	2.96832031047449e-10
1.01859061618382e-14	-0.38595668955961	0.115	0.251	3.72814351429439e-10
1.06407268604228e-14	0.556595025168193	0.548	0.403	3.89461243818336e-10
1.08837014451415e-14	-0.321823788683209	0.614	0.785	3.98354356593626e-10
1.14512388809817e-14	0.355122359723078	0.138	0.037	4.19126794282811e-10
1.17384063335394e-14	0.355682037619332	0.167	0.054	4.29637410213877e-10
1.19483983376842e-14	-0.3177181272563	0.854	0.942	4.37323327557579e-10
1.22606728134512e-14	0.470507471335563	0.777	0.699	4.48752885645126e-10
1.24238332178979e-14	-0.372174383649017	0.109	0.246	4.5472471960828e-10
1.32800671476187e-14	0.455035218050715	0.247	0.111	4.86063737669992e-10
1.39178843930568e-14	0.427098376721408	0.22	0.091	5.09408486670272e-10
1.4758870910691e-14	-0.567916229921818	0.034	0.13	5.40189434202202e-10
1.58927446385643e-14	0.441313267319771	0.179	0.063	5.81690346516093e-10
1.7007041840311e-14	0.35413038824326	0.179	0.063	6.22474738397223e-10
1.76525238069806e-14	-0.352119962025403	0.791	0.89	6.46100023859296e-10
1.85641955465358e-14	0.516215411046427	0.632	0.522	6.79468121198756e-10
1.97037209120947e-14	0.584562370751336	0.373	0.221	7.21175889103578e-10
2.3858858398589e-14	0.564275476147486	0.416	0.264	8.73258076246756e-10
2.50114095057221e-14	0.314362864483543	0.104	0.018	9.15442599318935e-10
2.64974296736189e-14	0.588987952689798	0.588	0.469	9.69832423484125e-10
2.704467778393e-14	-0.449973418803485	0.209	0.366	9.8986225156962e-10
2.8227479504357e-14	0.469088551805371	0.278	0.136	1.03315397733897e-09
2.9536614118533e-14	0.278768180732941	0.115	0.025	1.08106961335243e-09
2.99520514660849e-14	0.574872895253109	0.531	0.412	1.09627503571017e-09
3.00394883124566e-14	-0.307621346827017	0.731	0.879	1.09947531172422e-09
3.25020209355682e-14	-0.407141541608484	0.104	0.236	1.18960646826273e-09
3.38689474406026e-14	0.388539739024688	0.228	0.097	1.2396373452735e-09
3.39868644259764e-14	0.450314543828803	0.754	0.687	1.24395322485516e-09
3.69939839978832e-14	0.599483554522517	0.338	0.198	1.35401680830652e-09
4.06418001829907e-14	-0.305978591476111	0.886	0.955	1.48753052849764e-09
4.28193343320068e-14	-0.369945498479764	0.143	0.288	1.56723045588578e-09
4.30815445109451e-14	-0.32263846860657	0.587	0.737	1.5768276106451e-09
4.58560939629361e-14	-0.346051140603651	0.26	0.428	1.67837889513742e-09
5.06406455690065e-14	0.586275369694246	0.307	0.166	1.85349826847121e-09
5.28403941960854e-14	0.278490308946587	0.979	0.994	1.93401126797092e-09
6.17630200027573e-14	-0.368569214145751	0.203	0.357	2.26058829512092e-09
6.32951567771445e-14	-0.361836066884804	0.373	0.535	2.31666603320026e-09
7.07029945299545e-14	0.549774791485685	0.506	0.356	2.58780030279087e-09
7.49775418459306e-14	-0.309236014483204	0.862	0.93	2.74425300910291e-09
7.61969757951382e-14	0.518182229343048	0.484	0.336	2.78888551107785e-09
7.66761449968089e-14	-0.407605275879375	0.043	0.143	2.8064235830282e-09
7.89838828491885e-14	-0.324372038523973	0.024	0.109	2.89088909616315e-09
1.08516264217068e-13	0.317551340398347	0.962	0.991	3.97180378660891e-09
1.16056234587978e-13	0.467503912821579	0.652	0.527	4.24777424215457e-09
1.25486847366644e-13	-0.477946087044572	0.06	0.167	4.59294410046654e-09
1.32972556483168e-13	-0.294968110221059	0.044	0.144	4.86692853984045e-09
1.33581683661429e-13	0.321455437632535	0.118	0.028	4.88922320369195e-09
1.51148416160188e-13	-0.502032715228526	0.344	0.489	5.53218317987904e-09
1.5465940909446e-13	-0.416534660196319	0.379	0.531	5.66068903226632e-09
1.61428656679611e-13	-0.414834221749898	0.21	0.364	5.90845026313046e-09
1.64679345144996e-13	0.506803332762278	0.467	0.324	6.027428711652e-09
1.68337026189565e-13	0.269920919114237	0.126	0.033	6.16130349556427e-09
1.72641042723587e-13	-0.387708333327872	0.251	0.397	6.31883480472599e-09
1.73936847024801e-13	-0.341887557142458	0.141	0.279	6.36626253795474e-09
1.80601815114161e-13	-0.385452784493769	0.434	0.597	6.61020703499341e-09
1.86065632139013e-13	-0.434958175993201	0.673	0.798	6.81018820192003e-09
1.91359884411732e-13	0.356843669244022	0.127	0.034	7.00396312935382e-09
1.91401264728142e-13	0.375267142791438	0.233	0.102	7.00547769031473e-09
1.95055736330147e-13	-0.325250414997116	0.249	0.411	7.13923500541969e-09
2.25068159558981e-13	0.571068705155782	0.45	0.3	8.23771970801826e-09
2.65289059689674e-13	0.700627259699124	0.294	0.162	9.70984487370175e-09
2.74854904820906e-13	0.576786892281979	0.518	0.376	1.005996437135e-08
2.81644481881713e-13	0.507585216875502	0.576	0.453	1.03084696813526e-08
2.85510623573171e-13	-0.326518142888309	0.351	0.519	1.04499743334016e-08
2.92984226664394e-13	-0.370967985421177	0.204	0.348	1.07235156801435e-08
3.01082083431502e-13	0.447914840491707	0.71	0.631	1.10199053356764e-08
3.27220383737623e-13	0.405082565246584	0.336	0.183	1.19765932651807e-08
3.4850572521974e-13	0.468292696684123	0.297	0.157	1.27556580487677e-08
3.55552357937657e-13	0.254990723174697	0.107	0.024	1.30135718528762e-08
3.5985350809458e-13	-0.412847352168962	0.291	0.443	1.31709982497697e-08
3.75749223096801e-13	0.569817113022484	0.605	0.489	1.3752797314566e-08
3.85731805118471e-13	-0.338142486913096	0.154	0.291	1.41181697991411e-08
3.87800841390455e-13	-0.262081881262832	0.066	0.178	1.41938985957321e-08
4.09540700537049e-13	0.362142560508638	0.922	0.934	1.49895991803565e-08
4.15572672281154e-13	-0.390247898593871	0.278	0.434	1.52103753781625e-08
4.25527776868326e-13	-0.373578387710783	0.533	0.678	1.55747421611576e-08
4.38862625344469e-13	-0.337858050823493	0.102	0.224	1.60628109502329e-08
4.8811687999765e-13	0.541187607126657	0.816	0.754	1.7865565924794e-08
4.89061181900007e-13	0.482403712902566	0.669	0.572	1.79001283187221e-08
4.95852295851628e-13	0.49481168425234	0.525	0.388	1.81486898804654e-08
4.99165906816556e-13	-0.476346234489845	0.095	0.212	1.82699713553928e-08
5.14429283182425e-13	-0.429090294595257	0.114	0.239	1.88286261937599e-08
5.44218564430638e-13	0.430472429763016	0.361	0.207	1.99189436767258e-08
5.63037982449448e-13	0.530074985502739	0.612	0.48	2.06077531956323e-08
6.4418176476642e-13	0.510918292310592	0.516	0.375	2.35776967722158e-08
6.58564663842046e-13	0.271378008828301	0.991	0.999	2.41041252612827e-08
7.06367929528822e-13	0.505922652750192	0.463	0.321	2.58537725886844e-08
7.42200837405786e-13	-0.570125368646386	0.385	0.546	2.71652928498892e-08
7.61196239600678e-13	0.504321313765105	0.426	0.283	2.78605435656244e-08
7.65290896499203e-13	-0.316428857057759	0.652	0.784	2.80104121027673e-08
8.01152767790584e-13	0.460756559680224	0.522	0.373	2.93229924539032e-08
8.04894584643246e-13	0.362719177937004	0.892	0.853	2.94599466925275e-08
8.05153713226396e-13	-0.464576583455837	0.315	0.463	2.94694310577993e-08
8.2983204803831e-13	-0.356558176536969	0.371	0.528	3.03726827902502e-08
8.43836895978228e-13	-0.29244478029235	0.043	0.137	3.08852742296991e-08
8.55666500673738e-13	-0.445953568261819	0.276	0.435	3.13182495911595e-08
8.63217573976319e-13	-0.37410730470069	0.737	0.839	3.15946264251073e-08
8.92973696473673e-13	0.517910146548595	0.281	0.146	3.26837302646329e-08
9.05979743232067e-13	0.550300031929854	0.532	0.415	3.31597645820369e-08
9.42362640737792e-13	-0.371772505123347	0.501	0.639	3.44914150136439e-08
1.01351954119894e-12	-0.358182995151109	0.444	0.596	3.70958287274224e-08
1.04402552898339e-12	0.48860622411173	0.556	0.428	3.82123783863211e-08
1.09295154814332e-12	0.473615530672952	0.815	0.749	4.00031196135936e-08
1.09779787811939e-12	0.495482003202412	0.395	0.251	4.01805001370479e-08
1.12640794030072e-12	0.287667180910551	0.115	0.03	4.12276570229465e-08
1.13742391061269e-12	0.470446794227766	0.588	0.472	4.16308525523352e-08
1.20580442529746e-12	-0.363471012952167	0.183	0.325	4.41336477703123e-08
1.20851950052783e-12	0.54778220562971	0.586	0.497	4.4233022238819e-08
1.25788985642448e-12	-0.375534185136916	0.292	0.449	4.60400266349922e-08
1.34374772416586e-12	-0.39082208504552	0.139	0.27	4.91825104521945e-08
1.3993947646012e-12	0.496318494600082	0.375	0.24	5.12192477791686e-08
1.47535866365329e-12	0.518008862127224	0.335	0.201	5.39996024483742e-08
1.49953683994385e-12	-0.430079174199335	0.213	0.358	5.4884547878785e-08
1.51761097569236e-12	0.496528791858174	0.489	0.355	5.55460793213162e-08
1.62948952956062e-12	0.357246403393456	0.149	0.051	5.96409462714484e-08
1.92510203992381e-12	-0.400619786208969	0.301	0.451	7.04606597632515e-08
2.05812418599226e-12	-0.345281953304718	0.32	0.485	7.53294033315026e-08
2.27827230436621e-12	-0.345131006584676	0.223	0.367	8.33870446121075e-08
2.31121893339024e-12	-0.334841690128444	0.055	0.153	8.45929241810162e-08
2.44555207663922e-12	-0.430654246820239	0.14	0.266	8.95096515570719e-08
3.0120701863986e-12	0.386206136974984	0.17	0.065	1.10244780892375e-07
3.06776789472614e-12	-0.329203746938712	0.291	0.447	1.12283372714871e-07
3.07894874542928e-12	-0.400366491097593	0.393	0.537	1.12692603031457e-07
3.09666588557773e-12	-0.345038261382193	0.134	0.262	1.13341068078031e-07
3.239029013921e-12	-0.375642889394222	0.354	0.506	1.18551700938523e-07
3.38106393784189e-12	0.443339063723115	0.266	0.138	1.23750321188951e-07
3.52129896474387e-12	0.482012511974751	0.567	0.445	1.2888306340859e-07
3.58382614061717e-12	0.481098700469899	0.539	0.397	1.31171620572729e-07
3.60969130631723e-12	-0.356150915717349	0.537	0.691	1.32118311502517e-07
3.61104882877703e-12	0.463074400693717	0.219	0.101	1.32167998182068e-07
3.90207117490325e-12	-0.356264457628354	0.422	0.579	1.42819707072634e-07
4.14844519736858e-12	0.44455936420545	0.295	0.162	1.51837242668888e-07
4.37509978131665e-12	-0.359484252076603	0.165	0.296	1.60133027095971e-07
4.57799516134523e-12	0.26639399285096	0.992	0.994	1.67559200900397e-07
4.78987223135908e-12	0.467510721855025	0.656	0.56	1.75314113539974e-07
4.94026729347582e-12	-0.345694311233404	0.151	0.283	1.80818723208509e-07
5.12996380750333e-12	-0.344536467293195	0.235	0.379	1.87761805318429e-07
5.35397574382847e-12	-0.388608809406364	0.184	0.313	1.95960866199866e-07
5.69166753161424e-12	-0.471860861962141	0.097	0.213	2.08320723324613e-07
6.12089601851917e-12	-0.367274314526702	0.33	0.47	2.2403091517382e-07
6.17140014816848e-12	-0.345868045012892	0.513	0.672	2.25879416823114e-07
6.21608098044706e-12	0.504765834294179	0.363	0.228	2.27514779965343e-07
6.24599430405228e-12	-0.332151035366236	0.325	0.474	2.28609637522617e-07
6.44406182247187e-12	-0.523387262494229	0.518	0.633	2.35859106764293e-07
7.03263453576107e-12	-0.371611512662357	0.249	0.383	2.57401456643391e-07
7.15748162217409e-12	0.48467807858041	0.394	0.257	2.61970984853194e-07
7.80197189341021e-12	-0.32481403132347	0.468	0.618	2.85559973270707e-07
7.87143501958285e-12	-0.364581356270762	0.579	0.716	2.88102393151752e-07
7.9697304627325e-12	0.459579655809248	0.41	0.271	2.91700104666472e-07
8.27701473460992e-12	-0.352596610001822	0.098	0.208	3.02947016301458e-07
8.29753761266842e-12	-0.395832521485133	0.044	0.133	3.03698174161277e-07
8.3354661565263e-12	0.453323804507357	0.394	0.247	3.05086396795019e-07
8.39507603536362e-12	-0.465458946057829	0.151	0.276	3.07268177970344e-07
8.95879545845202e-12	-0.357009168910887	0.126	0.242	3.27900872574802e-07
9.36600600901247e-12	-0.324876461138253	0.169	0.3	3.42805185935865e-07
1.0114058547886e-11	-0.316587678495466	0.468	0.624	3.70184656911176e-07
1.01222066937747e-11	-0.332055511986223	0.325	0.485	3.70482887198849e-07
1.06983515759615e-11	0.577772018546741	0.288	0.163	3.91570366031768e-07
1.13499053270056e-11	0.512973664632719	0.482	0.347	4.15417884873731e-07
1.17913844123271e-11	-0.346984607854228	0.074	0.176	4.31576460875584e-07
1.22029772106798e-11	-0.383772875928895	0.177	0.306	4.46641168888091e-07
1.22414663186465e-11	-0.360393241153746	0.244	0.392	4.4804990872878e-07
1.3945967176544e-11	0.45585640683028	0.628	0.524	5.10436344628688e-07
1.43007871064636e-11	-0.432050925451482	0.126	0.245	5.23423108883675e-07
1.51723500355535e-11	0.501682551100284	0.509	0.379	5.55323183651292e-07
1.59871808452664e-11	0.474547837637682	0.465	0.324	5.85146806117597e-07
1.69076163135529e-11	0.405331443065714	0.658	0.556	6.18835664692349e-07
1.77287201231671e-11	-0.335537456481907	0.272	0.418	6.48888885228038e-07
2.13656603696895e-11	-0.340331354946216	0.203	0.339	7.82004535191005e-07
2.16935006512672e-11	-0.397942559794189	0.432	0.561	7.9400381733703e-07
2.31426746594744e-11	0.496191255629695	0.64	0.529	8.47045035211421e-07
2.36251400631130e-11	0.502003001424785	0.676	0.585	8.64703751450001e-07
2.36680606219522e-11	-0.352278045081444	0.313	0.462	8.66274686824071e-07
2.40657736279079e-11	-0.271709311101673	0.094	0.206	8.80831380555055e-07
2.40977785210309e-11	-0.407612058424705	0.072	0.173	8.82002791648252e-07
2.41870230745839e-11	0.375943863470594	0.779	0.715	8.85269231552845e-07
2.42990726542255e-11	0.541786388117183	0.533	0.408	8.89370358217308e-07
2.60716892067844e-11	0.500918565213826	0.437	0.306	9.54249896657517e-07
2.6397274296821e-11	-0.343032458875182	0.227	0.369	9.66166636537944e-07
2.66493480225621e-11	0.450438108599001	0.7	0.633	9.75392786973795e-07
2.66882553702691e-11	0.389017190093409	0.676	0.611	9.7681683480722e-07
2.73537380911275e-11	0.522239871108496	0.527	0.415	1.00117416787336e-06
3.09025565676769e-11	-0.314580774770157	0.491	0.63	1.13106447293354e-06
3.14213071284062e-11	0.318299677171312	0.119	0.036	1.1500512622068e-06
3.27039563211407e-11	-0.320094138262986	0.372	0.517	1.19699750531007e-06
3.4081222009892e-11	0.468951814167394	0.518	0.39	1.24740680678406e-06
3.64122287714995e-11	-0.280185464015842	0.291	0.438	1.33272398526565e-06
3.74298524387509e-11	0.270311728183079	0.116	0.036	1.36997002911072e-06
3.88690986984745e-11	0.513653968940754	0.491	0.365	1.42264788146287e-06
3.95300562742315e-11	-0.376651778298839	0.137	0.255	1.44683958969315e-06
3.95619214583714e-11	0.493663834273233	0.421	0.299	1.44800588729785e-06
3.9869434847266e-11	-0.288597579783153	0.255	0.402	1.45926118484478e-06
4.1033407191106e-11	-0.287184635612762	0.604	0.752	1.50186373660167e-06
4.16256517570655e-11	0.437099804957147	0.639	0.545	1.52354047996035e-06
4.17650055627945e-11	-0.282076804684293	0.383	0.535	1.52864096860384e-06
4.32234323519512e-11	-0.352384120614026	0.237	0.372	1.58202084751377e-06
4.34036194122285e-11	-0.302918567215877	0.567	0.704	1.58861587410697e-06
4.96812100853913e-11	0.483027750309179	0.402	0.269	1.81838197033541e-06
5.06219999995356e-11	-0.254321399780982	0.033	0.111	1.852815821983e-06
5.10683812559093e-11	-0.35217930617894	0.188	0.313	1.86915382234754e-06
5.23171999822684e-11	-0.294404826392776	0.069	0.167	1.91486183655101e-06
5.4700164111734e-11	-0.296109789036119	0.178	0.309	2.00208070665358e-06
5.64487426971018e-11	-0.273168321296655	0.046	0.133	2.06608043145662e-06
5.80565831447254e-11	-0.298569434921896	0.37	0.522	2.1249289996801e-06
5.84408529231034e-11	-0.281617011749564	0.905	0.975	2.13899365783851e-06
6.20426323075516e-11	0.508751554651232	0.347	0.217	2.27082238508869e-06
6.65505338887523e-11	-0.333723845803782	0.226	0.356	2.43581609086222e-06
7.01168705147233e-11	-0.352667321271274	0.215	0.355	2.56634757770939e-06
7.33432791190344e-11	-0.421057783187583	0.203	0.324	2.68443735903578e-06
7.55184920322072e-11	-0.297907805739917	0.102	0.21	2.76405232687082e-06
7.62491205873442e-11	-0.368787369238789	0.264	0.4	2.79079406261738e-06
7.6931574802946e-11	0.669378197105734	0.373	0.251	2.81577256936263e-06
7.89682818341656e-11	-0.272466348635581	0.059	0.149	2.8903180834123e-06
8.30033327913111e-11	-0.315031099810917	0.452	0.61	3.03800498349478e-06
8.65433330267534e-11	-0.259506535827618	0.056	0.146	3.1675725321122e-06
9.00557493919372e-11	0.427789283300244	0.649	0.57	3.29613048349429e-06
9.15745898698726e-11	-0.429594374783538	0.271	0.401	3.35172156382721e-06
9.17693194049144e-11	-0.352495377310158	0.375	0.509	3.35884885953927e-06
9.22216443710723e-11	-0.289229735120304	0.098	0.202	3.37540440562562e-06
9.39358119951298e-11	-0.315720844815509	0.6	0.719	3.43814465483375e-06
1.0425804782587e-10	-0.291809833406803	0.477	0.616	3.81594880847465e-06
1.08118696468169e-10	-0.330776682000735	0.123	0.233	3.95725240943147e-06
1.11642771963388e-10	-0.379453969712924	0.254	0.389	4.08623709663198e-06
1.13175532056368e-10	-0.276731126433485	0.066	0.158	4.14233764879513e-06
1.20402297009979e-10	-0.363940450767491	0.35	0.484	4.40684447286225e-06
1.20549371703992e-10	0.439886558044772	0.337	0.211	4.41222755373782e-06
1.2618238588231e-10	0.310203653969827	0.196	0.091	4.61840150567844e-06
1.27886299947613e-10	0.377784135636619	0.2	0.094	4.68076646438258e-06
1.30983595227733e-10	0.45024991310179	0.714	0.634	4.79413056893025e-06
1.33550973607393e-10	-0.313472653962161	0.341	0.475	4.8880991850042e-06
1.3391698084591e-10	-0.346412699246973	0.212	0.336	4.90149541594115e-06
1.38841726477953e-10	-0.325027959200261	0.434	0.579	5.08174603081956e-06
1.47795557139759e-10	-0.290922496655523	0.171	0.293	5.40946518687233e-06
1.50656777050046e-10	0.52827995398053	0.455	0.333	5.51418869680874e-06
1.57709761823164e-10	0.323986520783861	0.167	0.071	5.77233499248961e-06
1.64642308895576e-10	0.354113403788931	0.285	0.157	6.02607314788697e-06
1.66544828387909e-10	-0.345363981659985	0.438	0.579	6.09570726382585e-06
1.67432286553603e-10	-0.341750827573211	0.171	0.293	6.12818912014843e-06
1.70252804332452e-10	0.399416898252781	0.313	0.188	6.23142289137208e-06
1.74362348747946e-10	-0.344378035724398	0.275	0.406	6.38183632652356e-06
1.8545870017417e-10	-0.315311423971267	0.205	0.334	6.78797388507478e-06
1.85954755134543e-10	0.487367060522633	0.487	0.364	6.80612999267942e-06
1.89772716131369e-10	0.26298110477011	0.106	0.031	6.94587118312424e-06
1.89958234051387e-10	-0.317735614381917	0.347	0.491	6.95266132451482e-06
1.90712585667563e-10	-0.301077366836029	0.177	0.299	6.98027134801846e-06
1.92494860554269e-10	0.448218980801752	0.462	0.331	7.04550439114678e-06
2.01048964481341e-10	0.421006243520235	0.266	0.148	7.35859314898155e-06
2.02906276662013e-10	-0.335496396211701	0.134	0.249	7.42657263210633e-06
2.26662154223098e-10	-0.29940793223087	0.137	0.249	8.2960615067196e-06
2.29782849797159e-10	0.439457689567741	0.694	0.617	8.41028208542583e-06
2.32840156104665e-10	0.465278611427239	0.377	0.252	8.52218255358684e-06
2.59385612840004e-10	0.366285749297145	0.151	0.062	9.49377281555699e-06
2.68043141343486e-10	-0.35909250823668	0.136	0.247	9.81064701631293e-06
2.72335816118319e-10	-0.365206281979125	0.73	0.813	9.96776320574661e-06
2.73030324194339e-10	0.471549506092882	0.514	0.404	9.99318289583701e-06
2.74240949003691e-10	-0.278951334648284	0.097	0.199	1.00374929744841e-05
2.82151538882217e-10	0.426967431360149	0.408	0.281	1.0327028474628e-05
2.86305281663477e-10	0.455773514036545	0.309	0.189	1.04790596141649e-05
2.91639604718376e-10	0.318291177973376	0.12	0.04	1.06743011722973e-05
3.03140282672551e-10	0.571780322822274	0.649	0.575	1.1095237486098e-05
3.13573691239029e-10	-0.375034240126299	0.565	0.699	1.14771106730397e-05
3.1951278227639e-10	0.481784086229982	0.352	0.224	1.16944873440981e-05
3.30620944789109e-10	0.284771026215725	0.111	0.035	1.21010572002262e-05
3.36798914867656e-10	0.48541694519428	0.453	0.331	1.23271770830711e-05
3.37611170162544e-10	-0.272126448708804	0.668	0.784	1.23569064391193e-05
3.53919189307088e-10	-0.291867122595182	0.25	0.38	1.29537962478287e-05
3.57086904785849e-10	0.477102717179029	0.674	0.585	1.30697378020669e-05
3.58097774810252e-10	-0.335135461466631	0.597	0.721	1.310673665583e-05
3.73442679385266e-10	-0.372702614604776	0.123	0.228	1.36683755081801e-05
3.93860741915169e-10	-0.365699012223581	0.208	0.33	1.44156970148371e-05
3.97286908024734e-10	0.528631592786447	0.382	0.256	1.45410981206133e-05
4.02576610080434e-10	-0.311497125068962	0.197	0.319	1.4734706505554e-05
4.0567439178368e-10	0.431968025784543	0.613	0.516	1.48480884136745e-05
4.12150950202204e-10	0.441518204099545	0.717	0.669	1.50851369283509e-05
4.21177259915558e-10	-0.300351350645927	0.716	0.82	1.54155088901694e-05
4.37367817353927e-10	0.457723088721604	0.521	0.401	1.60080994829711e-05
4.40235390248869e-10	-0.300235969917426	0.568	0.702	1.61130555184989e-05
4.47270490580753e-10	-0.277461430099784	0.467	0.609	1.63705472257461e-05
4.48798473547098e-10	-0.346184695791593	0.249	0.374	1.64264729302973e-05
4.49189244445491e-10	0.358718963649685	0.169	0.074	1.64407755359494e-05
4.58792020285087e-10	-0.29654119040456	0.325	0.463	1.67922467344545e-05
5.0458223767434e-10	0.282520269848242	0.165	0.071	1.84682144811185e-05
5.35005429572028e-10	0.496327166711646	0.302	0.187	1.95817337277658e-05
5.36455939501744e-10	-0.458256367846523	0.212	0.344	1.96348238417033e-05
5.42406577660374e-10	-0.344058712138108	0.112	0.213	1.98526231489473e-05
5.43751986128414e-10	0.461889402609532	0.404	0.284	1.99018664442861e-05
5.51432004198707e-10	-0.274540524823075	0.066	0.154	2.01829627856769e-05
5.81801401830604e-10	0.374362024940319	0.322	0.199	2.12945131084019e-05
5.93455783882615e-10	-0.350721376452374	0.101	0.201	2.17210751458876e-05
6.46715415575829e-10	-0.274647254813767	0.505	0.647	2.36704309254909e-05
6.47900077498081e-10	-0.2856314637143	0.506	0.639	2.37137907365072e-05
6.75082528447889e-10	-0.250924509979343	0.073	0.166	2.47086956237212e-05
7.19686228532607e-10	0.457055429558783	0.358	0.238	2.63412356505219e-05
8.14840207463523e-10	0.468884184123568	0.284	0.17	2.98239664333724e-05
8.25148909288156e-10	-0.256505250916234	0.342	0.48	3.02012752288558e-05
8.45334074119434e-10	-0.268906030988923	0.082	0.18	3.09400724468454e-05
8.54524191837968e-10	0.481019126266885	0.384	0.256	3.12764399454614e-05
8.74360983176353e-10	0.489975016162701	0.655	0.555	3.20024863452377e-05
8.99672998052441e-10	0.405306828929479	0.718	0.654	3.29289314017174e-05
9.02497214590227e-10	0.435482964265182	0.266	0.155	3.30323005512169e-05
9.0416920163111e-10	-0.267675149723625	0.078	0.172	3.30934969489003e-05
9.10067619497474e-10	-0.285411891353028	0.142	0.254	3.3309384941227e-05
9.16082787403359e-10	-0.359730567894472	0.291	0.428	3.35295461017504e-05
9.21403936345638e-10	0.391898595881592	0.372	0.243	3.37243054741867e-05
9.29455018842122e-10	-0.314112636562955	0.292	0.42	3.40189831446405e-05
9.62036619848663e-10	0.431120855707375	0.441	0.317	3.52115023230809e-05
9.73318730567656e-10	-0.345544903394712	0.639	0.765	3.56244388575068e-05
1.05188303898273e-09	0.461207434000743	0.446	0.33	3.84999711098068e-05
1.10263409771963e-09	0.449453460600849	0.523	0.416	4.03575106106362e-05
1.20077797580903e-09	0.454731065497809	0.629	0.542	4.39496746925862e-05
1.20376612181208e-09	-0.348450791686566	0.191	0.307	4.40590438244439e-05
1.27289897797432e-09	-0.307002949058381	0.243	0.37	4.65893754928379e-05
1.28083201479618e-09	-0.307835174129163	0.631	0.775	4.68797325735552e-05
1.28756539046656e-09	0.45381995204731	0.415	0.296	4.71261808564664e-05
1.3414373398883e-09	0.42861790435052	0.581	0.48	4.90979480772517e-05
1.3491459654899e-09	-0.344265586555645	0.129	0.231	4.93800914828957e-05
1.42638895486404e-09	0.455168889901577	0.384	0.265	5.22072621369787e-05
1.43743354514076e-09	-0.299160127553837	0.382	0.528	5.26115051856968e-05
1.44324829970137e-09	0.526247017132249	0.489	0.385	5.28243310173699e-05
1.44815357916467e-09	0.413817104724117	0.658	0.578	5.30038691510061e-05
1.4507442950853e-09	0.496337937626661	0.62	0.527	5.30986919444169e-05
1.60560567210916e-09	0.384104144970561	0.154	0.069	5.87667732048674e-05
1.70140786913541e-09	0.257937384587283	0.101	0.031	6.22732294182252e-05
1.7063175489691e-09	0.46772135686795	0.498	0.399	6.24529286098181e-05
1.80285387749962e-09	-0.264370397507124	0.053	0.131	6.59862547703638e-05
1.81840695594394e-09	-0.297706313015372	0.105	0.204	6.6555512994504e-05
1.81971688994585e-09	-0.268139301851624	0.176	0.297	6.66034578889081e-05
1.82625617643812e-09	0.372899886859603	0.832	0.794	6.68428023138116e-05
1.92144532953874e-09	0.440925345472273	0.572	0.474	7.03268205064476e-05
2.25942284937975e-09	-0.325104309052996	0.319	0.451	8.26971357101482e-05
2.26645061154775e-09	-0.296073955928143	0.284	0.415	8.29543588332593e-05
2.32855572187239e-09	-0.268493721914826	0.367	0.508	8.52274679762513e-05
2.34057411662628e-09	-0.281123006311954	0.471	0.607	8.56673532426384e-05
2.37267915348442e-09	-0.277327728677314	0.306	0.433	8.68424296966834e-05
2.37962747696604e-09	0.444862318063277	0.477	0.357	8.70967452844341e-05
2.39843011666974e-09	-0.322635805989607	0.25	0.374	8.7784940700229e-05
2.39858353287158e-09	0.427106685671839	0.342	0.226	8.77905558866326e-05
2.51538165976784e-09	0.289725268690762	0.233	0.125	9.20654841291628e-05
2.7051299783771e-09	-0.282653509133297	0.103	0.202	9.90104623385801e-05
2.70517407706479e-09	-0.33076786761746	0.051	0.13	9.90120763946483e-05
2.79492220848124e-09	-0.272920786698846	0.264	0.391	0.000102296947752622
2.88975785237022e-09	0.360705038595038	0.247	0.139	0.000105768027154602
3.04182470910668e-09	-0.25564428083622	0.172	0.285	0.000111333826178014
3.05950986336064e-09	-0.289031975592635	0.189	0.306	0.000111981120508863
3.08383830320246e-09	0.343319248424918	0.235	0.128	0.000112871565735513
3.31975461757791e-09	-0.289225107293126	0.41	0.547	0.000121506338757969
3.34635515211524e-09	-0.348218198177174	0.241	0.365	0.00012247994492257
3.63696327420017e-09	0.278761277261577	0.146	0.062	0.000133116492799
3.78950240996383e-09	-0.298855224493002	0.104	0.202	0.000138699577707086
3.91022904790714e-09	-0.259316337316005	0.281	0.404	0.000143118293382449
3.92532864626371e-09	-0.331646082992894	0.081	0.171	0.000143670953781898
3.95673165912442e-09	-0.277979022561249	0.271	0.393	0.000144820335455613
4.05244151158136e-09	-0.25407092655263	0.104	0.202	0.00014832341176539
4.08469668425035e-09	0.47003228234127	0.346	0.229	0.000149503983340247
4.23738770642076e-09	-0.270362623369144	0.125	0.23	0.000155092627442706
4.33378529322443e-09	0.512140699687353	0.451	0.337	0.000158620875517308
4.37220553153249e-09	0.444615824203273	0.541	0.43	0.000160027094659621
4.41963481918268e-09	0.472707164662707	0.461	0.347	0.000161763054016905
4.43436558642368e-09	0.421687051911163	0.46	0.34	0.000162302214828693
4.54251908957348e-09	0.420513774915336	0.588	0.498	0.000166260741197479
4.56902397424256e-09	-0.261896016613751	0.212	0.335	0.000167230846481252
4.81026976499295e-09	-0.279868782798312	0.382	0.512	0.000176060683668507
5.44274258637307e-09	0.262920143155998	0.936	0.973	0.000199209821403841
5.45465713274043e-09	-0.28137479527481	0.247	0.371	0.000199645905715432
5.56056233548398e-09	0.39100913472048	0.714	0.743	0.000203522142041049
5.69984866042881e-09	0.368356169732202	0.286	0.173	0.000208620160820355
5.91214558118721e-09	-0.265804910134156	0.298	0.424	0.000216390440417033
5.92463818954949e-09	0.401301041971978	0.272	0.164	0.000216847682375701
6.02250638782786e-09	-0.285788898645405	0.099	0.193	0.000220429756300888
6.29558724176414e-09	-0.266989895335922	0.1	0.193	0.000230424788635809
6.32389116472653e-09	0.369619849060368	0.846	0.83	0.000231460740520156
6.3646467482097e-09	0.456473589744703	0.539	0.431	0.000232952435631223
6.43964891742537e-09	-0.291190334127394	0.198	0.312	0.000235697590026686
6.61906798398525e-09	0.371598092752908	0.264	0.156	0.000242264507281844
6.63827750377197e-09	0.424651834336424	0.428	0.312	0.000242967594915558
6.72754938209862e-09	0.433974988165366	0.648	0.558	0.000246235034934192
7.30928514196173e-09	0.447396516372039	0.285	0.174	0.000267527145480941
7.39849079526807e-09	-0.417991914973799	0.739	0.842	0.000270792161597607
7.47536197148665e-09	-0.26122025623163	0.357	0.492	0.000273605723518383
7.79994137808489e-09	-0.283452226205377	0.085	0.173	0.000285485654379285
7.88512391794028e-09	0.391398846901802	0.373	0.255	0.000288603420520532
8.04926918485829e-09	-0.446507533568843	0.381	0.502	0.000294611301434998
8.14592391879284e-09	-0.268268635277044	0.28	0.408	0.000298148961351737
8.49307667093247e-09	0.410090035737276	0.469	0.351	0.000310855099232799
8.50334928597305e-09	-0.289709934555217	0.479	0.6	0.0003112310872159
8.52636038405053e-09	-0.290939854668014	0.132	0.231	0.000312073316416634
8.55015928357603e-09	0.445550277491747	0.562	0.491	0.000312944379938166
8.98804038589448e-09	0.47318802735718	0.479	0.388	0.000328971266164124
9.34153672185271e-09	0.434594553743803	0.506	0.403	0.000341909585556531
9.41466717994972e-09	0.485767734989977	0.414	0.307	0.00034458623345334
1.05190058144754e-08	0.428105770826023	0.312	0.202	0.000385006131815613
1.0738364643184e-08	-0.272572888922067	0.157	0.262	0.000393034884305176
1.11460563575973e-08	0.372360806860462	0.613	0.524	0.000407956808744418
1.16973462495876e-08	0.415001754341377	0.424	0.309	0.000428134570081157
1.23502613850677e-08	-0.273084794925486	0.213	0.326	0.000452031916954864
1.26895519176158e-08	-0.287461700064306	0.409	0.53	0.000464450289736657
1.28472246166828e-08	-0.2825757555011	0.089	0.179	0.000470221268195206
1.35211755674177e-08	-0.269040575972826	0.594	0.717	0.000494888546943057
1.44793079516502e-08	-0.289658981964879	0.381	0.508	0.000529957150338348
1.48359164857e-08	0.420666675663659	0.389	0.273	0.000543009379293104
1.49126004233487e-08	-0.267297852287637	0.077	0.161	0.000545816088094986
1.54074836540857e-08	0.425208204446493	0.347	0.233	0.000563929309223189
1.56243163889852e-08	-0.280769668989305	0.378	0.499	0.000571865604153249
1.57256273165668e-08	-0.282528050298981	0.249	0.365	0.000575573685413661
1.59314085693308e-08	-0.379809088101603	0.374	0.476	0.000583105485046077
1.63870510075928e-08	0.423362082812982	0.571	0.49	0.000599782453928905
1.69442790418821e-08	0.378806809622968	0.648	0.591	0.000620177557211927
1.78840309433043e-08	-0.308080005867933	0.143	0.243	0.000654573416555882
1.7976290736637e-08	-0.267761625987823	0.085	0.171	0.00065795021725165
1.82126813444704e-08	0.308161430282775	0.169	0.082	0.000666602349888962
1.89216724364197e-08	0.431502516819119	0.637	0.572	0.000692552132845396
1.94944191375961e-08	-0.262630437330384	0.148	0.253	0.000713515234855154
1.9734970019807e-08	0.364261039480337	0.262	0.157	0.000722319637694955
1.97601562499865e-08	0.537507263388134	0.363	0.255	0.000723241478905757
2.09947793203811e-08	-0.273255626102193	0.041	0.109	0.000768429917905269
2.1340682619346e-08	-0.27108345728428	0.442	0.571	0.000781090324550683
2.15111525764006e-08	0.407436274988151	0.347	0.239	0.00078732969544884
2.16450396067535e-08	0.44075566059953	0.427	0.329	0.000792230094646785
2.21392597004008e-08	-0.278596401803499	0.196	0.303	0.000810319044294369
2.33724229029843e-08	-0.251125666480254	0.079	0.162	0.00085545405067213
2.4876562092654e-08	0.511277314546851	0.458	0.354	0.000910507049153229
2.55333119218553e-08	0.404606692837007	0.61	0.528	0.000934544749651827
2.6659443765794e-08	0.322278964695291	0.912	0.876	0.000975762301271827
2.67316004435872e-08	0.416233745926091	0.331	0.221	0.000978403307835734
2.78885767581522e-08	-0.261536848807388	0.238	0.355	0.00102074979792513
2.92784652402645e-08	-0.268085970573154	0.102	0.193	0.00107162110625892
2.96021209805686e-08	-0.269448512775576	0.358	0.484	0.00108346723000979
2.96652049936198e-08	0.380489658516069	0.499	0.391	0.00108577616797148
3.10547471664467e-08	-0.256686128492111	0.302	0.42	0.00113663480103911
3.19180251710802e-08	0.368699471318912	0.219	0.126	0.00116823163928671
3.2569556923482e-08	0.434455148332666	0.447	0.345	0.00119207835295636
3.34291440525891e-08	0.284583215838361	0.168	0.081	0.00122354010146881
3.35593517891335e-08	-0.289043543048407	0.309	0.424	0.00122830583483408
3.39868677373442e-08	0.300379514233062	0.113	0.044	0.00124395334605453
3.4046107999383e-08	0.391444162553491	0.288	0.184	0.00124612159888542
3.56688994217861e-08	-0.264802122088156	0.245	0.356	0.00130551738773679
3.62800857896813e-08	0.408825595420412	0.503	0.399	0.00132788741998813
3.72497690534815e-08	0.34827604985614	0.75	0.692	0.00136337879712648
3.73523775318363e-08	0.390923766792978	0.324	0.209	0.00136713437004274
3.87266923704984e-08	-0.27037475407367	0.179	0.284	0.00141743566745261
4.20862027286975e-08	0.293495465264465	0.18	0.091	0.00154039710607306
4.23129631702875e-08	-0.269656697295288	0.169	0.278	0.00154869676499569
4.24797813306607e-08	0.386063063653052	0.582	0.493	0.00155480247648351
4.54024128593638e-08	-0.275149572803065	0.53	0.649	0.00166177371306557
4.54637864828031e-08	-0.259946328675049	0.249	0.362	0.00166402004905708
4.55688382805942e-08	0.409756626322766	0.43	0.325	0.00166786504990803
4.61780536630908e-08	-0.307900682588693	0.197	0.301	0.00169016294212279
4.69827788936071e-08	0.426414833188972	0.502	0.404	0.00171961669028491
4.7198833502203e-08	0.451149299924001	0.553	0.464	0.00172752450501413
5.09262369768932e-08	0.367192140162602	0.443	0.345	0.00186395119959127
5.15162545635819e-08	-0.268522993181898	0.214	0.325	0.00188554643328166
5.4406802552871e-08	0.391917374824102	0.56	0.465	0.00199134338023763
6.09431010576223e-08	0.255636013034515	0.136	0.061	0.00223057844181003
6.40931235902243e-08	-0.279733112827029	0.307	0.42	0.0023458724165258
6.44412968201946e-08	0.354440918174198	0.357	0.245	0.00235861590491594
6.51784308055545e-08	0.392721282316578	0.375	0.261	0.0023855957459141
6.61535164683158e-08	0.423839840779856	0.584	0.506	0.00242128485625683
6.90220354822996e-08	0.378689619846943	0.579	0.501	0.00252627552068765
7.02563996567708e-08	0.270350854000562	0.87	0.921	0.00257145448383747
7.07247300219544e-08	-0.256694299828155	0.105	0.192	0.00258859584353355
7.0795409430177e-08	-0.295468554481333	0.243	0.351	0.00259118278055391
7.52976724927181e-08	-0.271277668026863	0.09	0.172	0.00275597011090598
7.85820212881981e-08	0.372996200473019	0.257	0.157	0.00287618056116934
7.88103254182966e-08	-0.443384347622222	0.519	0.617	0.00288453672063507
8.55461455681432e-08	0.409902978284598	0.356	0.249	0.00313107447393961
9.06724296243607e-08	0.391637314800747	0.43	0.317	0.00331870159668123
9.17593798699107e-08	-0.262061071436542	0.273	0.383	0.0033584850626186
9.63431294390857e-08	-0.344205646263594	0.209	0.317	0.00352625488059998
1.00357212042511e-07	-0.291903775988269	0.214	0.313	0.00367317431796793
1.04327892994003e-07	0.374295386216127	0.351	0.245	0.0038185052114735
1.0673631530527e-07	0.37147576449073	0.464	0.362	0.00390665587648818
1.07045330691737e-07	0.346061154334846	0.733	0.682	0.00391796614864825
1.07458123944212e-07	0.432916614437269	0.419	0.308	0.0039330747944821
1.07497309907189e-07	0.38028053844771	0.269	0.171	0.00393450903991302
1.10419786810288e-07	-0.277638153594279	0.128	0.219	0.00404147461704335
1.14969293355301e-07	-0.253783081935266	0.128	0.219	0.00420799110609738
1.19539265426931e-07	0.39655269347202	0.387	0.28	0.00437525665389111
1.22836758328665e-07	-0.308449071306023	0.091	0.171	0.00449594819158747
1.24665936064885e-07	0.420649095423077	0.483	0.382	0.00456289792591085
1.25756072591489e-07	-0.290823886523192	0.139	0.229	0.0046027980129211
1.27782805604808e-07	0.314321935585095	0.702	0.664	0.00467697846794157
1.29027101188772e-07	-0.25049068944192	0.679	0.784	0.00472252093061026
1.39449810753283e-07	0.326147588373168	0.35	0.235	0.00510400252338092
1.40901198820722e-07	0.463013249786105	0.514	0.409	0.00515712477803726
1.41857574402467e-07	0.336478013354785	0.284	0.181	0.00519212908070469
1.4598107104836e-07	0.445408693639333	0.324	0.224	0.00534305318144101
1.46215906983036e-07	0.32851516449185	0.125	0.055	0.00535164841148611
1.52979326296952e-07	0.487796801456433	0.426	0.331	0.00559919632179474
1.54312402234565e-07	0.27827980003008	0.133	0.061	0.0056479882341873
1.55305543284688e-07	-0.252720920345098	0.313	0.426	0.00568433818976285
1.55305951049173e-07	0.412875627422042	0.658	0.607	0.0056843531143508
1.68920428450251e-07	0.385109500472888	0.54	0.448	0.00618265660170765
1.722956092536e-07	-0.266980307703971	0.147	0.239	0.00630619159429101
1.7708129092397e-07	0.365918973411944	0.315	0.21	0.00648135232910824
1.77133094417797e-07	0.39500057007268	0.392	0.289	0.0064832483887858
1.91276450407897e-07	-0.250604581015341	0.417	0.538	0.00700090936137945
1.94274870448457e-07	-0.275160255601232	0.623	0.73	0.00711065453328399
1.95882370427815e-07	0.413318724655904	0.548	0.472	0.00716949064002846
1.96491311694173e-07	0.371109387676312	0.393	0.288	0.00719177849931843
2.05880090470055e-07	-0.283818508757666	0.292	0.394	0.00753541719129449
2.09747190900994e-07	-0.264956022724291	0.275	0.387	0.00767695693416728
2.17746447154328e-07	-0.255233677931806	0.256	0.363	0.00796973771229557
2.22193924136931e-07	0.280722080355347	0.875	0.829	0.0081325198173358
2.30705064688015e-07	-0.271472010503764	0.183	0.28	0.00844403607264602
2.33169405484386e-07	0.36134346694473	0.533	0.436	0.00853423341013401
2.44292581419799e-07	0.411638317845265	0.492	0.393	0.00894135277254605
2.45346125638146e-07	-0.33325000969366	0.137	0.226	0.00897991354448177
2.48088866378738e-07	0.298089721282823	0.713	0.656	0.00908030059832818
2.66030782124991e-07	0.28685864845483	0.248	0.151	0.00973699265655678
2.70342819123996e-07	0.412097820735026	0.287	0.192	0.00989481752275736
2.72504895177364e-07	0.408931836875577	0.497	0.404	0.00997395166838671
2.74606247096368e-07	-0.274221403815507	0.071	0.142	0.0100508632499742
2.7690143483333e-07	0.418291291319107	0.552	0.472	0.0101348694163347
2.79424323116898e-07	0.415630970223226	0.467	0.37	0.0102272096504016
2.80297078222689e-07	0.293006625181233	0.177	0.096	0.0102591533600286
2.89310112882069e-07	-0.291787841818872	0.183	0.28	0.0105890394415966
2.94359805749859e-07	-0.363479692102493	0.329	0.438	0.0107738632502506
2.94454809646674e-07	0.43810422815716	0.474	0.385	0.0107773404878779
3.04230510726402e-07	-0.257684243032562	0.178	0.273	0.0111351409230971
3.08008559593666e-07	0.355036489633226	0.443	0.33	0.0112734212896878
3.1712409723945e-07	0.382253753434639	0.451	0.355	0.0116070590830611
3.17356707336253e-07	0.351692160798071	0.244	0.151	0.0116155728452142
3.21250732845987e-07	0.445876260985848	0.488	0.41	0.011758098072896
3.2357948124556e-07	0.269133030555755	0.211	0.121	0.0118433325930687
3.42783301623677e-07	0.34943807277573	0.667	0.609	0.0125462116227282
3.51858002123405e-07	0.347611111122665	0.617	0.574	0.0128783547357188
3.57947949616948e-07	0.437771304408777	0.257	0.166	0.0131012529039299
3.58900520071059e-07	-0.349244431212309	0.269	0.378	0.0131361179351208
3.61365850088951e-07	-0.277800423047065	0.208	0.307	0.0132263514791057
3.65543512655688e-07	0.278071601780658	0.769	0.802	0.0133792581067108
3.77173676194247e-07	0.280307818523128	0.207	0.12	0.0138049337223856
3.78611199535401e-07	0.434240444473569	0.307	0.212	0.0138575485141952
3.81952361125795e-07	0.407526643044145	0.206	0.122	0.0139798383695652
3.84416159566271e-07	0.376626119810514	0.288	0.191	0.0140700158562851
3.92177796795069e-07	0.563726774667036	0.369	0.271	0.0143540995404963
4.04641847537794e-07	0.377138896916509	0.41	0.31	0.0148102962617308
4.06553954273461e-07	0.350716715949244	0.561	0.475	0.0148802812803629
4.2732466077095e-07	0.434802432700248	0.515	0.418	0.0156405099088776
4.28980157424848e-07	-0.285066394926754	0.203	0.304	0.0157011027419069
4.34578903023877e-07	-0.300713961840995	0.469	0.573	0.0159060224295769
4.53420723974139e-07	0.343979621940384	0.58	0.499	0.0165956519181774
4.88087871116094e-07	0.347618990090072	0.687	0.67	0.0178645041707202
5.04551679011821e-07	-0.2531816678603	0.094	0.173	0.0184670960035117
5.25699131877094e-07	-0.261606933131301	0.398	0.498	0.0192411139258335
5.27560842629707e-07	0.377050515350139	0.503	0.406	0.0193092544010899
5.35180113137672e-07	0.355983668234746	0.231	0.144	0.0195881273209519
5.54040037030686e-07	0.398185353506341	0.533	0.447	0.0202784193953601
5.55340020728446e-07	-0.254591267830482	0.219	0.315	0.0203260000986819
5.66918001282267e-07	0.413188385987714	0.563	0.475	0.0207497657649323
5.78377739919062e-07	-0.260773014075514	0.269	0.371	0.0211692036587776
5.93274842574563e-07	0.275329257007979	0.174	0.096	0.0217144525130716
6.05233904583806e-07	0.328687793648463	0.414	0.306	0.0221521661416719
6.47985265347298e-07	0.409163968507613	0.348	0.261	0.0237169086969765
7.01766958550902e-07	-0.250267416898935	0.465	0.574	0.0256853724499216
7.05048028370201e-07	0.352848806778194	0.24	0.149	0.0258054628863777
7.55844431050533e-07	0.381052525771612	0.469	0.375	0.0276646620208806
7.74829774890049e-07	0.275675582121588	0.26	0.163	0.0283595445907507
7.83519031417201e-07	0.310102369245342	0.172	0.094	0.028677580068901
7.95339032607256e-07	-0.277122125136387	0.176	0.271	0.0291102039324582
8.21902269988541e-07	-0.250802323444798	0.205	0.299	0.0300824449838506
8.32887075351655e-07	0.372645000207316	0.352	0.257	0.0304844998449459
8.92677410683753e-07	-0.310519821344206	0.057	0.119	0.032672885908436
8.94928987656781e-07	-0.258912874008499	0.159	0.247	0.0327552958772258
8.95587711516282e-07	-0.262827688112318	0.287	0.384	0.0327794058292074
9.06752289431919e-07	0.402979168694367	0.56	0.475	0.0331880405454977
9.11734668814759e-07	-0.257680638954027	0.188	0.282	0.033370400613289
9.1304836665325e-07	-0.294175392219589	0.243	0.331	0.0334184832678756
9.1560593758623e-07	0.503985604467465	0.525	0.46	0.0335120929215936
9.84099188733215e-07	0.307529956933108	0.244	0.155	0.0360190144068244
1.00853623215713e-06	-0.274027955095683	0.206	0.299	0.0369134346331832
1.01265682649543e-06	0.484054689413817	0.559	0.485	0.0370642525065592
1.02824260179261e-06	0.29348314887319	0.227	0.138	0.0376347074682112
1.04450102414601e-06	0.445483946746006	0.29	0.198	0.038229781984768
1.05074261418932e-06	0.408263483569694	0.432	0.336	0.0384582304219434
1.06862606660284e-06	-0.273522025112781	0.331	0.429	0.0391127826637306
1.09978826366974e-06	0.412014796323268	0.457	0.378	0.0402533502385762
1.14740337199666e-06	0.374765778578339	0.451	0.367	0.0419961108184498
1.24769166220205e-06	0.410444979115305	0.489	0.398	0.0456667625282574
1.25395015827377e-06	0.448014479286863	0.136	0.069	0.0458958297429784
1.29353266155477e-06	0.405031595765197	0.405	0.312	0.047344588945566
1.36064819071327e-06	0.333863945091755	0.296	0.202	0.0498010844282965
1.38900919524107e-06	-0.270978928192009	0.161	0.245	0.0508391255550185
1.43906393912097e-06	-0.261490807281101	0.629	0.737	0.0526711792357666
1.46818205487935e-06	0.378697470400783	0.284	0.194	0.0537369313906392
1.47051291041341e-06	-0.298557783892528	0.196	0.284	0.0538222430340413
1.4765832020954e-06	0.362851731200619	0.428	0.337	0.0540444217798938
1.49239110177717e-06	0.340779600946511	0.665	0.613	0.0546230067161461
1.50320979844558e-06	0.291064902503192	0.214	0.131	0.0550189818329068
1.51043510105406e-06	0.32749825431664	0.3	0.204	0.0552834351336797
1.51666846678807e-06	-0.26647879613188	0.175	0.261	0.0555115825529102
1.53993144438728e-06	0.326993571699624	0.246	0.156	0.0563630307960188
1.55293337870631e-06	0.292612226712521	0.786	0.781	0.0568389145940296
1.56642537851507e-06	0.32107271635009	0.244	0.153	0.0573327352790301
1.60203379138766e-06	0.356015490666673	0.272	0.179	0.0586360387985796
1.73155134121186e-06	0.276436412616813	0.17	0.094	0.0633765106396952
1.80529822456158e-06	0.254102880456235	0.192	0.11	0.0660757203171782
1.83253636018689e-06	0.369955453718418	0.557	0.466	0.0670726633192003
1.89583927899617e-06	0.346277191191961	0.239	0.153	0.069389613450539
1.89859933469231e-06	0.285597847892956	0.277	0.184	0.0694906342490734
1.9346851522583e-06	-0.264846782598136	0.139	0.219	0.0708114112578062
1.97770464268307e-06	-0.26522884239888	0.399	0.504	0.0723859676268431
1.98135013794071e-06	0.360251236891638	0.612	0.538	0.0725193963987679
1.99133293783659e-06	0.273460661089155	0.23	0.143	0.072884776857757
1.99572692952078e-06	0.35694276818469	0.432	0.34	0.07304560134739
2.00636159838851e-06	0.373479599870974	0.227	0.144	0.0734348408626179
2.05210823870842e-06	0.362400162066531	0.448	0.346	0.0751092136449669
2.0583834369397e-06	0.337702426376409	0.565	0.504	0.0753388921754299
2.1100674236522e-06	0.289024855789835	0.242	0.152	0.0772305777730943
2.11951622542075e-06	-0.255139829419311	0.195	0.281	0.0775764133666249
2.11988826570067e-06	0.389222714470291	0.535	0.462	0.0775900304129102
2.13058031833872e-06	0.289222448620212	0.304	0.209	0.0779813702315155
2.14148759416857e-06	0.323632539576885	0.27	0.18	0.0783805874341637
2.1822570749804e-06	0.352511981236973	0.411	0.319	0.0798727912013575
2.21723185165881e-06	0.317201473484446	0.266	0.176	0.0811529030025642
2.2828097076409e-06	0.333593281728541	0.296	0.201	0.0835531181093646
2.33855665919779e-06	0.353231762419001	0.465	0.372	0.0855935122832981
2.34256361952729e-06	0.307348250762935	0.684	0.644	0.0857401710383184
2.35475419832753e-06	0.313828897007589	0.223	0.14	0.086186358412986
2.47259861418331e-06	0.305384247451022	0.133	0.067	0.0904995818777234
2.48471590052433e-06	0.339385344649439	0.276	0.19	0.0909430866750909
2.48558236339704e-06	0.374879975035048	0.371	0.281	0.0909748000826951
2.53728988248736e-06	0.336121577209837	0.247	0.16	0.09286734698892
2.63171908583099e-06	0.294814981544013	0.285	0.192	0.0963235502605002
2.63595457352984e-06	0.332001641613207	0.6	0.522	0.0964785733457657
2.647313303194e-06	-0.265146754217802	0.244	0.331	0.0968943142102037
2.7162499742107e-06	0.340362535369872	0.286	0.198	0.0994174653060858
2.76695234705834e-06	0.358848777864192	0.456	0.356	0.101273222854682
2.79806870068202e-06	0.305287395307417	0.615	0.535	0.102412112513663
2.84447229893998e-06	0.416409052810965	0.438	0.358	0.104110530613502
2.86555711160617e-06	0.261815133326209	0.105	0.047	0.104882255841897
2.88833842866421e-06	-0.283350464324688	0.496	0.596	0.105716074827539
3.03877955825047e-06	0.293575741401574	0.258	0.17	0.111222370611525
3.1609040977854e-06	0.273146007174947	0.257	0.169	0.115692250883043
3.1964777766761e-06	0.335751243536508	0.27	0.182	0.116994283104122
3.26940271524589e-06	0.351600956994279	0.28	0.192	0.119663408780715
3.37247710551154e-06	0.317674850546223	0.191	0.113	0.123436034538828
3.40210147016578e-06	0.301224158123352	0.139	0.073	0.124520315909538
3.48641348108251e-06	0.281712144902145	0.857	0.852	0.127606219821101
3.51442700699674e-06	0.402156326047166	0.374	0.288	0.128631542883088
3.56901016657512e-06	0.304183078491489	0.604	0.549	0.130629341106816
3.72213764746028e-06	0.369587942453949	0.403	0.319	0.136233960034694
3.74395516587974e-06	0.316526816687385	0.485	0.397	0.137032503026364
3.78635340640275e-06	0.320550160487853	0.225	0.142	0.138584321027747
3.8118496011942e-06	0.297632408474418	0.483	0.384	0.139517507253309
3.91032627176717e-06	0.323889527936513	0.444	0.343	0.14312185187295
3.96060707893475e-06	0.342813731017102	0.324	0.229	0.144962179696091
4.08082540898491e-06	0.323954134083926	0.649	0.622	0.149362290794257
4.19360315076739e-06	0.384410677778858	0.426	0.342	0.153490068921237
4.23286958011157e-06	0.339948485991569	0.713	0.672	0.154927259501664
4.36630190686834e-06	0.346493543887249	0.514	0.427	0.159811016093288
4.38424954208976e-06	0.344386207645665	0.392	0.304	0.160467917490027
4.66057973991126e-06	0.283081098400258	0.158	0.089	0.170581879060492
4.72286014298154e-06	0.339728868496426	0.304	0.217	0.172861404093267
4.86804997206009e-06	0.315622912961496	0.199	0.121	0.178175497027371
4.96210269009423e-06	0.341426348208621	0.482	0.388	0.181617920560139
5.05967054534067e-06	0.268903658753017	0.211	0.131	0.185189001630014
5.11380597910844e-06	0.302304065448465	0.26	0.173	0.187170412641348
5.44002647604049e-06	0.329069033211693	0.222	0.145	0.199110409049558
5.58286699502981e-06	0.317374987606235	0.388	0.29	0.204338514885086
5.59255518171271e-06	0.323192670474054	0.295	0.203	0.204693112205867
5.6578725425226e-06	0.347813737581917	0.549	0.484	0.20708379292887
5.66015656189139e-06	0.356759689959397	0.481	0.402	0.207167390321787
5.67478491867728e-06	0.259649452958083	0.262	0.172	0.207702802808507
5.78646142590121e-06	0.282862368083011	0.225	0.145	0.21179027464941
5.86722340236273e-06	-0.269642297132574	0.316	0.421	0.214746243749878
5.93601654724907e-06	-0.267830524397903	0.218	0.302	0.217264141645863
5.95729851370022e-06	0.324182459171512	0.425	0.33	0.218043082899942
6.12716973932522e-06	0.380982974385649	0.378	0.298	0.224260539629042
6.17476757091195e-06	0.355619680952322	0.71	0.672	0.226002667862948
6.19675547180455e-06	0.326632248112596	0.419	0.335	0.226807447023518
6.73038300361367e-06	0.34492032767753	0.329	0.239	0.246338748315264
6.78147044388063e-06	0.350047682309806	0.519	0.444	0.248208599716475
6.78853275096185e-06	0.258066741696771	0.156	0.088	0.248467087217955
6.83241734502015e-06	0.324709082969088	0.233	0.152	0.250073307245082
7.01580687381e-06	-0.270627321877252	0.221	0.31	0.25678554738832
7.14250298317082e-06	0.341966804878472	0.247	0.167	0.261422751687035
7.22743599857716e-06	0.28640753873637	0.78	0.76	0.264531384983923
7.2334292964001e-06	0.277163655165695	0.166	0.097	0.26475074567754
7.37058180995724e-06	0.438529687731785	0.312	0.234	0.269770664826245
7.40147489804319e-06	0.336748591819368	0.273	0.191	0.270901382743279
7.57859294748386e-06	0.346556221442886	0.426	0.334	0.277384080470857
7.61182579602306e-06	0.26168939718067	0.203	0.125	0.27860043596024
8.06609803850433e-06	0.34338107052444	0.47	0.383	0.295227254307297
8.08192436828094e-06	0.302865634609484	0.517	0.434	0.295806513803451
8.18358595089086e-06	0.329521292624899	0.217	0.139	0.299527429388556
8.26318763026047e-06	-0.258665165717	0.207	0.291	0.302440930455163
8.40841053094047e-06	0.315608749942651	0.366	0.275	0.307756233842952
8.50596094413188e-06	0.337340472451051	0.229	0.149	0.311326676516171
8.76881953979611e-06	0.333539835842183	0.34	0.256	0.320947563976078
8.79339692618327e-06	0.35686017824848	0.401	0.31	0.321847120895234
8.86942098467594e-06	0.341735612705545	0.338	0.252	0.324629677460124
8.98480801588659e-06	0.267244491267601	0.191	0.117	0.328852958189465
9.03865077809911e-06	0.262385791355052	0.215	0.135	0.330823657129205
9.10227721007885e-06	0.338849169395957	0.322	0.235	0.333152448166096
9.35353421936748e-06	0.334394955960232	0.281	0.196	0.342348705963069
9.41676028848249e-06	0.313376708674802	0.132	0.072	0.344662843318747
9.66153546593197e-06	0.313849363188631	0.283	0.197	0.353621859588576
9.72000825957283e-06	0.356068162475346	0.532	0.471	0.355762022308625
9.77024266658217e-06	-0.25050180847904	0.092	0.157	0.357600651839574
9.84146616695308e-06	0.334022513693532	0.229	0.151	0.36020750317665
9.97130624164497e-06	0.285395733792643	0.264	0.181	0.364959779750448
1.00789929456912e-05	0.357764836004371	0.177	0.11	0.368901220805244
1.02546392711313e-05	0.367417677916928	0.514	0.435	0.375330051962676
1.03772442514937e-05	0.353402005955678	0.571	0.503	0.379817516848921
1.06084851031907e-05	0.408339352481951	0.544	0.475	0.388281163261882
1.07220356495883e-05	0.380752838644461	0.28	0.203	0.39243722681058
1.17188939673853e-05	0.371016137398526	0.625	0.567	0.428923238100269
1.18301625697499e-05	0.255549383635293	0.12	0.063	0.432995780215415
1.2220163161375e-05	0.251808709781757	0.212	0.134	0.447270191869485
1.23998709998986e-05	0.324140805653367	0.261	0.183	0.453847678467288
1.24428135040241e-05	0.335127716309689	0.399	0.312	0.455419417060785
1.26598078283032e-05	0.349541564633417	0.517	0.445	0.463361626323727
1.2961933562694e-05	0.274488904177386	0.165	0.098	0.474419730328162
1.30266012493274e-05	0.352367147611916	0.533	0.475	0.476786632326632
1.31136865570275e-05	0.387879744927499	0.24	0.165	0.479974041673764
1.39675695374163e-05	0.303236724134845	0.713	0.671	0.511227012638973
1.44530225151719e-05	0.357760778549657	0.438	0.363	0.528995077077806
1.57070830063967e-05	0.279757018243775	0.671	0.617	0.574894945117126
1.59166637493506e-05	0.315250954401279	0.254	0.175	0.582565809889981
1.62345515824256e-05	0.278629082038736	0.146	0.084	0.59420082246836
1.65006732616354e-05	-0.313640438973969	0.177	0.248	0.603941142049118
1.67396987327112e-05	0.313421863727898	0.208	0.135	0.612689713315964
1.68521899904315e-05	0.268355413286399	0.471	0.388	0.616807005839782
1.7474764640752e-05	0.361940926183088	0.351	0.267	0.639593860616165
1.77324267251955e-05	0.348492595910285	0.723	0.699	0.649024550568882
1.77853401044724e-05	0.324458179125344	0.439	0.352	0.650961233163795
1.7804518882468e-05	0.316296632844543	0.331	0.246	0.651663195617213
1.83476803016159e-05	0.296206047489971	0.57	0.51	0.671543446719442
1.85898719704677e-05	0.300756679470937	0.32	0.233	0.680407903991087
1.87291787171099e-05	0.326545293249669	0.249	0.171	0.68550667022494
1.90294683311673e-05	0.373749316370086	0.559	0.509	0.696497570389053
1.90713873021184e-05	0.251228375668553	0.16	0.093	0.698031846644836
1.92242852894558e-05	0.313517898479186	0.331	0.245	0.703628065879373
1.93101933866826e-05	0.304131810070196	0.158	0.093	0.706772388145969
1.96421553914822e-05	0.269759031734023	0.862	0.878	0.71892252948364
2.05304443180424e-05	0.316604378043836	0.423	0.345	0.751434792484671
2.05557383728521e-05	0.378243173152304	0.332	0.253	0.75236058018476
2.07613673820824e-05	0.391173643436952	0.291	0.212	0.759886807551598
2.15468969269264e-05	0.326149341356213	0.306	0.224	0.788637974422435
2.23213748241393e-05	0.334108302618675	0.395	0.316	0.816984639938321
2.2512383640352e-05	0.290027756416941	0.117	0.062	0.823975753620524
2.4636636948889e-05	0.265621128216232	0.151	0.089	0.901725548966287
2.49453984941019e-05	0.301227903423403	0.296	0.213	0.913026530282625
2.61419222047918e-05	0.285779428948422	0.323	0.238	0.956820494617585
2.64023160952604e-05	0.346690431080647	0.393	0.313	0.966351171402626
2.6402739475152e-05	0.250910572057014	0.215	0.14	0.966366667530038
2.64962897838652e-05	0.349556015968583	0.511	0.43	0.969790702379252
2.82490935244189e-05	0.361489107878131	0.505	0.445	1
2.83107321024622e-05	0.262792004462929	0.216	0.143	1
2.86735178556323e-05	0.271130432485886	0.247	0.167	1
2.89950364750723e-05	0.363885400980696	0.315	0.235	1
2.95662153360455e-05	0.271438314235575	0.182	0.112	1
3.20540671765662e-05	0.290787898414083	0.17	0.104	1
3.25046700658143e-05	0.350668550661198	0.386	0.3	1
3.37238763321842e-05	0.29178557860546	0.692	0.673	1
3.44649666669464e-05	0.332880349714784	0.347	0.267	1
3.47483922182457e-05	0.264025675432888	0.172	0.106	1
3.53178637859002e-05	0.332268949968718	0.62	0.574	1
3.60834592334952e-05	0.38521571217109	0.368	0.293	1
3.70241883585274e-05	0.275525138192317	0.117	0.063	1
3.73287278383997e-05	0.361688818964362	0.491	0.415	1
3.90812050475522e-05	0.252365253570934	0.123	0.067	1
3.92407436926641e-05	0.294807686819601	0.276	0.199	1
3.92626441874106e-05	0.319532098134849	0.289	0.211	1
4.02174109494518e-05	0.315572188940917	0.232	0.161	1
4.25310342777796e-05	0.298148973860112	0.494	0.42	1
4.30458298216991e-05	0.322881919293972	0.655	0.624	1
4.36154783907105e-05	0.293693772419679	0.213	0.142	1
4.42711352411994e-05	0.347199336437512	0.571	0.521	1
4.46020858880513e-05	0.348388383179055	0.453	0.376	1
4.48065710680886e-05	0.345701738083251	0.475	0.404	1
4.5964247268133e-05	0.387501518401618	0.37	0.294	1
4.61582665012278e-05	0.270692502889524	0.168	0.106	1
4.66469693872296e-05	0.351125667211304	0.317	0.239	1
4.66919433068146e-05	0.351757072559176	0.252	0.179	1
5.02081646076363e-05	0.316278875230646	0.571	0.496	1
5.06254187440586e-05	0.342211630986402	0.335	0.262	1
5.30857027504161e-05	0.344858068678454	0.415	0.339	1
5.51831356401913e-05	0.322486936870888	0.318	0.237	1
5.53544974170874e-05	-0.258016749028515	0.257	0.338	1
5.5492639034008e-05	0.254319508644147	0.238	0.162	1
5.6487923011562e-05	0.26507491776945	0.346	0.26	1
5.94646884226265e-05	0.377156996381512	0.287	0.21	1
5.98866654100538e-05	0.336131016376834	0.467	0.399	1
6.01784979998405e-05	0.292371475790617	0.209	0.14	1
6.07131085765425e-05	0.302157879357313	0.338	0.262	1
6.0916537255831e-05	0.305915126808628	0.628	0.591	1
6.13266469892656e-05	0.383905636309355	0.321	0.253	1
6.1712610225684e-05	0.328976397078179	0.577	0.525	1
6.35805902536502e-05	0.337826188128501	0.316	0.239	1
6.37331682608119e-05	0.267198942762618	0.204	0.136	1
6.40820371915112e-05	0.372214728772628	0.376	0.298	1
6.41740843802418e-05	0.284715069725917	0.229	0.157	1
6.42546536662431e-05	0.299819500114341	0.325	0.246	1
6.46594175764807e-05	0.301743790074236	0.3	0.221	1
6.58498403680663e-05	0.312801708383209	0.228	0.156	1
6.79107292082093e-05	0.318817880750007	0.486	0.417	1
6.82541383656701e-05	0.32327955880811	0.289	0.213	1
6.86289922218973e-05	0.293932155208216	0.565	0.503	1
7.07913127799671e-05	0.321153699758183	0.28	0.206	1
7.146801634888e-05	0.339981624497947	0.567	0.511	1
7.22004257473909e-05	-0.393603467041258	0.338	0.424	1
7.64826141576889e-05	0.284138857571991	0.287	0.21	1
7.66532995954095e-05	0.32811337121833	0.326	0.249	1
8.14624949799359e-05	0.284015475990545	0.276	0.199	1
8.55071363381117e-05	0.31960696975098	0.368	0.29	1
8.58944040120948e-05	0.260914148796336	0.295	0.215	1
8.87587898367264e-05	0.335089789807339	0.313	0.242	1
9.31026864599631e-05	0.294866681941275	0.123	0.07	1
9.42068099533165e-05	0.322525371114069	0.541	0.482	1
9.50483440098457e-05	0.27202087511842	0.332	0.251	1
0.000107003213656642	0.25778641055052	0.68	0.678	1
0.000107423288101822	0.303236858910303	0.229	0.161	1
0.000108258111644878	0.31769750652953	0.232	0.164	1
0.000108734380012502	0.484345581270079	0.186	0.127	1
0.000109965969655529	0.310048409560577	0.371	0.288	1
0.000110623717060764	0.315348873720864	0.415	0.345	1
0.000111085908708451	0.335297746527222	0.199	0.137	1
0.000111995677512002	0.314272353674073	0.473	0.411	1
0.000113639042245541	0.325712150490588	0.516	0.462	1
0.000114021747601786	0.303276916036248	0.545	0.489	1
0.000120363966182437	0.29397942709526	0.394	0.312	1
0.000123215758666094	0.292939092581091	0.538	0.482	1
0.000124615430266364	0.304950087108026	0.313	0.237	1
0.000127975584775617	0.306711310394741	0.526	0.48	1
0.000128451059921316	0.309444624602563	0.336	0.263	1
0.000131665006732843	0.280303528398073	0.263	0.193	1
0.000136237882981531	0.328451262145143	0.406	0.337	1
0.000137270227705501	0.289168637526133	0.403	0.324	1
0.000138759032470518	0.329543675477459	0.196	0.134	1
0.000144196280107399	0.336933125754788	0.399	0.331	1
0.000145966826732746	0.261303274279837	0.323	0.249	1
0.000150897031847205	0.269488784410676	0.526	0.454	1
0.000152692176932203	0.263626530441087	0.169	0.109	1
0.00016122829291514	0.255833007678179	0.612	0.56	1
0.0001660535402673	0.319087183317676	0.348	0.275	1
0.000169616823515862	0.285222753570092	0.393	0.315	1
0.000174439484346629	0.296999428359386	0.243	0.179	1
0.000180876421664884	0.285451742976118	0.492	0.431	1
0.000182932715422128	0.281185331850393	0.379	0.307	1
0.000183489614016257	0.301643557961405	0.141	0.088	1
0.000197899518487397	0.412736650169434	0.388	0.325	1
0.000198630725862705	0.267576509771852	0.515	0.445	1
0.000199087501745653	0.317806939045716	0.597	0.528	1
0.00020110047123345	0.352671986556184	0.365	0.302	1
0.000205344300006188	0.260843002814715	0.429	0.349	1
0.000208215686140226	0.297455301390989	0.708	0.689	1
0.000208414025098019	0.276279379267572	0.29	0.22	1
0.00021008586411239	0.264356310840774	0.346	0.266	1
0.000220766607153496	0.302652038239413	0.167	0.109	1
0.000223397469203497	0.383747465281538	0.37	0.307	1
0.000228073469897612	-0.256616196059512	0.215	0.284	1
0.000233996498650713	0.250930901458588	0.282	0.21	1
0.000235517048540214	0.250885826887309	0.281	0.211	1
0.000235542222006481	0.271600179043787	0.209	0.144	1
0.000249514358558974	0.268154616579548	0.539	0.48	1
0.000249668672365384	0.333061673974694	0.407	0.339	1
0.000256923327208258	0.258924734531776	0.191	0.129	1
0.000263499810642312	0.331768002001264	0.361	0.293	1
0.000270247515304173	0.299378837256691	0.499	0.44	1
0.000286820590815822	0.315562299919735	0.379	0.311	1
0.000298854242277228	0.285213529733822	0.167	0.111	1
0.000300538471773113	0.286409494832207	0.26	0.19	1
0.000318898452571579	0.329738552288807	0.294	0.228	1
0.000322457574967274	0.305553569878922	0.142	0.092	1
0.00032456533333264	0.252141095288044	0.194	0.134	1
0.000326217498687353	0.439879853572843	0.595	0.565	1
0.00032823372217613	0.261655391594904	0.57	0.506	1
0.000334243444126145	0.305653040665896	0.533	0.49	1
0.000345231955570855	0.291435233596572	0.413	0.338	1
0.000360184236638119	0.256901208124865	0.626	0.58	1
0.000367457337749402	0.30905172074556	0.385	0.317	1
0.000382636488482594	0.296291193030909	0.412	0.351	1
0.000399540308505863	-0.263157486615048	0.358	0.429	1
0.000426089208132578	0.277563458357946	0.381	0.318	1
0.000437638768046306	0.286395451551978	0.282	0.216	1
0.00044687922845854	0.309886274029542	0.377	0.313	1
0.000457786186659318	0.289797145886267	0.319	0.249	1
0.000458999706040555	0.291908831531947	0.233	0.172	1
0.000467738030517821	0.280706528041306	0.297	0.229	1
0.000478490084683365	0.264509166907096	0.402	0.334	1
0.000483961911744947	0.25548176170097	0.286	0.217	1
0.000495013777845365	0.253682081813665	0.382	0.309	1
0.000519627746210837	0.327267118806108	0.414	0.353	1
0.000553864207908685	0.258752130088912	0.182	0.125	1
0.000569131817442029	0.315537322049253	0.579	0.547	1
0.000570827547143436	0.259304812466589	0.455	0.38	1
0.000572242070937873	0.297778998474634	0.346	0.279	1
0.00059255509968086	0.250496480025997	0.174	0.118	1
0.000593168317347708	0.334309622573052	0.436	0.379	1
0.000606417910024345	0.349598490464534	0.456	0.4	1
0.000630588909834683	0.256061494740207	0.291	0.224	1
0.000632409936718918	0.28982220952624	0.29	0.225	1
0.000646541606171761	0.290098897161365	0.212	0.154	1
0.000668375034247228	0.285885539303181	0.288	0.222	1
0.000687076117680176	0.327121927726896	0.429	0.375	1
0.000711141159435277	0.264082972071084	0.433	0.372	1
0.000727711168388196	0.328394470259906	0.366	0.304	1
0.000787980270876807	0.258576064672635	0.262	0.197	1
0.000813397188035135	0.268127661761201	0.331	0.265	1
0.000839067315922775	0.278993337302118	0.277	0.216	1
0.000847288214211447	0.261755201785513	0.425	0.362	1
0.000851304027193563	0.264341449205806	0.628	0.591	1
0.000854180840222967	0.304820966474978	0.354	0.294	1
0.000900754834937948	0.250545319047498	0.217	0.161	1
0.000908138800278532	0.280407231247177	0.272	0.213	1
0.00098413630347337	0.282710612989117	0.348	0.282	1
0.00100534140118444	0.286289739787839	0.26	0.2	1
0.00101902219601952	0.316277321296699	0.434	0.384	1
0.00105437777342615	0.259795589873145	0.489	0.427	1
0.00106313956476954	0.263344381433303	0.243	0.182	1
0.00106639260036394	0.250893580721485	0.404	0.34	1
0.00106700769521462	0.277757201647391	0.213	0.155	1
0.00111284745341343	0.305517560539928	0.435	0.373	1
0.00111914175714199	0.252608098660614	0.164	0.111	1
0.00115644824301503	0.26117866033402	0.213	0.156	1
0.00121282488154486	0.253158429024271	0.521	0.475	1
0.00124504905763878	0.297554324008074	0.396	0.336	1
0.00126879221111685	0.261814768115635	0.285	0.224	1
0.00132913185794919	0.302765095678437	0.709	0.684	1
0.00133953267288467	0.261468292194257	0.508	0.449	1
0.00133963633175688	0.302721150318698	0.315	0.254	1
0.00134556360847299	0.282247610726613	0.318	0.255	1
0.00139796659644095	0.266641545335623	0.447	0.385	1
0.00140679480353757	0.268946695306999	0.189	0.137	1
0.00146769570463039	0.269476066744065	0.367	0.297	1
0.00151955057802832	0.276290719619643	0.514	0.467	1
0.00152079058413887	0.303138177315591	0.404	0.351	1
0.00156149144479251	0.277979339750379	0.239	0.184	1
0.00158209564766112	0.346155522207437	0.374	0.316	1
0.00160167592815265	0.278686915140262	0.493	0.453	1
0.00172065828144297	0.277569411383337	0.323	0.266	1
0.00173092712764649	0.255548781792561	0.279	0.221	1
0.0017335823545527	0.259556116749451	0.163	0.115	1
0.00184777525442777	0.282816597954684	0.428	0.364	1
0.00191491810728141	0.252503780977786	0.304	0.244	1
0.00192953826680758	0.30074465500365	0.22	0.165	1
0.00198655192595065	0.254876500584695	0.299	0.236	1
0.00207603879709032	0.269505893297124	0.309	0.248	1
0.00210243686851794	0.315056347075604	0.108	0.069	1
0.0021358198981418	0.260797011606074	0.286	0.227	1
0.00215863292532011	0.274315661802769	0.295	0.233	1
0.00216061716297039	0.275573412063964	0.394	0.339	1
0.00227950514554817	0.26207523482342	0.334	0.281	1
0.00251455402818249	0.271597201185015	0.245	0.191	1
0.00252290130473938	0.265093388078926	0.338	0.28	1
0.00258262464430082	0.291729766776332	0.306	0.254	1
0.00266599131540235	0.341822937030057	0.197	0.148	1
0.00292918369120176	0.294137967995233	0.273	0.217	1
0.00304337618205746	0.252008427333584	0.323	0.263	1
0.00322606175645004	0.264268352829776	0.454	0.404	1
0.00336752832926307	0.273585031046714	0.275	0.22	1
0.00339006984078382	0.313859505105462	0.415	0.367	1
0.00365059578861076	0.261539745248169	0.248	0.197	1
0.00368348199386623	0.30421788249205	0.27	0.219	1
0.00381877477109042	0.292775513376253	0.25	0.198	1
0.00384183255950419	0.267030449985035	0.303	0.247	1
0.00395834419973591	0.308935880122987	0.477	0.445	1
0.0041128017068223	0.267165309043797	0.505	0.467	1
0.00412856465345526	0.279491087424441	0.66	0.645	1
0.00428641993190718	0.292051064519425	0.359	0.31	1
0.00444561256547661	0.278092263261397	0.441	0.392	1
0.00458015056087484	0.282238368940333	0.419	0.375	1
0.00489684330244913	0.251610720449984	0.333	0.274	1
0.00506269598035914	0.312287528652548	0.284	0.231	1
0.00517047414116894	0.324291725947253	0.306	0.257	1
0.00521202700705687	0.255412284989272	0.196	0.151	1
0.00530538213137963	0.286919902554248	0.352	0.301	1
0.0056975185118411	0.297878607189294	0.364	0.316	1
0.00598763077284661	0.266358910779137	0.623	0.602	1
0.00600722280147596	0.364969131744982	0.311	0.264	1
0.00620472610361855	0.280357724432807	0.341	0.289	1
0.00623886740296404	0.264272021490749	0.351	0.299	1
0.00634865607613912	0.270986285616786	0.246	0.198	1
0.00643379112723267	0.252115056161232	0.323	0.272	1
0.00674950874918718	0.273451035462891	0.449	0.409	1
0.00821441796734547	0.262833161107383	0.334	0.275	1
0.00832538238770549	0.252212171152406	0.167	0.127	1
0.00870911851586516	0.259177908471423	0.27	0.225	1
0.00884026420034661	0.267574686265507	0.725	0.73	1
0.00934979837137951	0.303107192229395	0.36	0.324	1
0.00956578616723465	0.289941282911614	0.366	0.313	1
0.00958012575537485	0.26984043850105	0.364	0.315	1
0.0101226258390212	0.253173157606833	0.294	0.245	1
0.0106488710556228	0.260023253569001	0.435	0.387	1
0.0106921526053367	0.267695170683505	0.425	0.384	1
0.0121904389527975	0.250074226919296	0.308	0.261	1
0.0122015831378722	0.262330431080102	0.475	0.443	1
0.0122970142941561	0.257311309855809	0.356	0.311	1
0.0131910517534242	0.292977186772131	0.213	0.176	1
0.0135214644695508	0.268261064867956	0.348	0.311	1
0.0143146600381419	0.271802098337382	0.414	0.379	1
0.0144776938041466	0.264979965606753	0.654	0.648	1
0.0160306684011181	0.283340787314349	0.45	0.428	1
0.0179447138715219	0.253262564809201	0.302	0.258	1
0.0192857855891992	-0.335139910594145	0.331	0.39	1
0.0194789716784668	0.28809518427287	0.398	0.365	1
0.0366286019095457	0.297110746501423	0.188	0.158	1
0.0420293873294957	0.255074255381847	0.484	0.464	1
0.0425256417653544	0.251853437166583	0.26	0.226	1
0.0575921508071845	0.262022063381921	0.216	0.189	1
0.0729500879321101	0.253306615897779	0.525	0.52	1
0.150664670976502	0.250504280396256	0.251	0.229	1
0.387823542878397	0.409256169383486	0.323	0.366	1
