p_val	avg_log2FC	pct.1	pct.2	p_val_adj
0	-1.70393811271237	0.361	0.896	0
0	-1.49700852493665	0.245	0.741	0
0	-1.21723743411313	0.148	0.52	0
0	-0.969837474636984	0.471	0.843	0
0	-3.99151603069982	0.17	0.466	0
0	-1.56417783748095	0.224	0.711	0
0	-2.28103052739028	0.022	0.295	0
0	-1.10983895790792	0.138	0.449	0
0	-0.960445588318492	0.595	0.837	0
0	-1.29184030706405	0.184	0.565	0
0	-1.18868271948323	0.316	0.731	0
0	-1.07504680550627	0.242	0.589	0
0	-0.957382535361106	0.53	0.767	0
0	-0.570010885789025	0.95	0.979	0
0	-0.533425936135429	0.999	1	0
0	0.709961200437365	0.999	1	0
0	-1.35985800269992	0.228	0.684	0
0	-3.47746762973241	0.054	0.288	0
0	-1.11804168863203	0.117	0.428	0
0	-1.26523629322429	0.175	0.568	0
0	-0.944180848538763	0.962	0.993	0
0	-1.27019498816368	0.155	0.529	0
0	-1.17583482232652	0.405	0.679	0
4.82923655239015e-304	-1.10572076839951	0.09	0.337	1.76754887054032e-299
1.01311973418496e-288	-0.971782275018172	0.091	0.334	3.70811953909036e-284
9.62878532302884e-284	-0.861408850019168	0.065	0.284	3.52423171608179e-279
1.74687532269535e-281	-0.866270935896907	0.082	0.316	6.39373836859724e-277
2.30945872824546e-263	-0.791709550072659	0.388	0.677	8.45284989125121e-259
3.94449408939087e-263	-0.929827689084653	0.137	0.388	1.44372428165795e-258
1.4382268063847e-256	-0.788676964657374	0.064	0.269	5.26405393404863e-252
5.68408085756956e-249	-0.39139058926094	0.994	0.999	2.08043043467903e-244
6.19850361940323e-242	-0.905985506241278	0.151	0.402	2.26871430973778e-237
6.02471777912286e-239	-0.788871050603829	0.295	0.584	2.20510695433676e-234
8.75272655262807e-237	-0.790485646244137	0.071	0.273	3.2035854455274e-232
7.67946592969859e-230	-0.425669284957076	0.991	0.998	2.81076132492898e-225
4.59815018168492e-228	-0.623860653464271	0.791	0.892	1.6829689479985e-223
1.94415562649848e-225	-0.828449008000538	0.096	0.311	7.11580400854708e-221
2.91310724498936e-225	-0.413613522700429	0.984	0.996	1.06622638273855e-220
1.74989061970044e-223	-0.679930197729255	0.38	0.694	6.40477465716558e-219
2.53656009393079e-223	-0.752698959594246	0.058	0.241	9.28406359979607e-219
6.40957592559264e-223	-0.852633241163289	0.133	0.357	2.34596888452616e-218
5.38156802977466e-219	-0.748499054100759	0.044	0.208	1.96970771457782e-214
1.21934563994439e-213	-0.656263704279265	0.004	0.102	4.46292697676047e-209
4.21756692887166e-210	0.93243424043491	0.245	0.023	1.54367167163632e-205
1.32222887285776e-209	-0.734095378337375	0.069	0.255	4.83948989754668e-205
1.94749807181584e-209	-0.795884820918813	0.108	0.315	7.12803769265317e-205
3.51388696713794e-208	-0.35785532240978	0.991	0.997	1.28611776884216e-203
2.99754837071656e-204	-0.43452958078817	0.972	0.99	1.09713267916597e-199
1.23980341126938e-197	-0.706147049676714	0.058	0.226	4.53780446558704e-193
5.33385267356003e-196	-0.698930997955922	0.06	0.23	1.95224341704971e-191
4.26150550424705e-192	-0.680700320425107	0.06	0.227	1.55975362960946e-187
7.29411021726549e-191	-0.751396325451394	0.112	0.316	2.66971728062134e-186
1.24858385938418e-188	0.750177625866046	0.223	0.021	4.56994178373203e-184
1.56911133423562e-185	-0.660493938648112	0.059	0.221	5.74310439443581e-181
1.76581063472548e-182	0.555457747499334	0.975	0.976	6.46304350415871e-178
2.56517548073107e-181	0.857804445027268	0.881	0.828	9.3887987770238e-177
3.37110116358001e-181	-0.673318648263599	0.072	0.242	1.23385673688192e-176
8.83901749115888e-180	0.695102905113749	0.968	0.964	3.23516879193906e-175
3.35685853888759e-171	-2.85535804333625	0.042	0.174	1.22864379381825e-166
1.22495964024286e-170	-0.626916085241431	0.049	0.195	4.48347477925289e-166
1.03976578434677e-167	-0.707539551699017	0.088	0.261	3.80564674728763e-163
1.16772129388254e-167	0.492622638048881	0.957	0.951	4.27397670773947e-163
2.804627728398e-166	-0.639734320499151	0.043	0.179	1.02652179487095e-161
1.58738681811628e-164	-0.363173623751159	0.976	0.991	5.80999449298741e-160
3.53652630872189e-162	-0.775794884202311	0.195	0.391	1.2944039942553e-157
5.76062297188859e-162	-0.815746072584866	0.188	0.388	2.10844561394094e-157
7.57318623371833e-162	-0.645958643847256	0.062	0.215	2.77186189340325e-157
8.92670642838036e-160	-0.67042564526342	0.368	0.578	3.26726381985149e-155
2.71873913455389e-157	-0.788295115024899	0.208	0.408	9.95085710638068e-153
4.00250419167336e-157	-2.55120619562694	0.021	0.125	1.46495655919437e-152
1.28045326563035e-156	0.535411357787345	0.874	0.769	4.68658699753363e-152
1.99335933126585e-156	-0.569597047955652	0.033	0.155	7.29589448836613e-152
1.14070969958055e-155	-0.608336195974704	0.066	0.218	4.17511157143476e-151
2.14224782873275e-154	-0.536251804017291	0.035	0.158	7.84084127794476e-150
9.04838127166409e-153	1.31687815549333	0.496	0.293	3.31179802924177e-148
1.0803021238852e-151	-0.570324420820606	0.044	0.174	3.95401380363222e-147
2.24908374940314e-147	-0.63828210114252	0.034	0.152	8.23187143119042e-143
3.95528776914756e-146	-2.29707630331541	0.075	0.219	1.4476748763857e-141
1.14802928996349e-145	0.736874060717926	0.358	0.137	4.20190200419537e-141
2.9490933025921e-142	-0.597733366951687	0.061	0.201	1.07939763968174e-137
3.69421182943977e-142	-3.494864223454	0.052	0.178	1.35211847169325e-137
7.01920615893544e-141	-0.732658147796176	0.298	0.484	2.56909964623196e-136
3.34371617221887e-140	-0.735342222910302	0.127	0.291	1.22383355619383e-135
1.39175306531263e-139	-0.621271841286019	0.12	0.295	5.09395539435076e-135
1.93093308210761e-138	-0.564871281609588	0.065	0.207	7.06740817382207e-134
8.56741721732229e-138	-0.484482797417786	0.029	0.136	3.13576037571213e-133
7.61242651512342e-137	-0.667994320101863	0.107	0.265	2.78622422880032e-132
1.20706662947252e-135	-0.586572879427434	0.076	0.222	4.41798457053237e-131
2.59831453618223e-135	-0.566465066044106	0.055	0.187	9.51009103388057e-131
4.10703275094475e-134	-0.601349250089299	0.415	0.589	1.50321505717329e-129
2.35614296138153e-133	-0.466890631430844	0.029	0.133	8.62371885295254e-129
3.43840833077474e-133	-0.651498234035368	0.135	0.303	1.25849183314686e-128
1.39889808801078e-132	-0.648357544025147	0.159	0.336	5.12010689192827e-128
1.14304650518437e-131	-0.567174543693854	0.13	0.309	4.18366451362532e-127
1.56362909100466e-127	-0.522980440703962	0.057	0.186	5.72303883598617e-123
2.07632509253912e-127	-0.455727315670443	0.029	0.13	7.59955747120244e-123
7.05740093110318e-127	1.84237090826768	0.764	0.692	2.58307931479307e-122
1.83403604966701e-126	-0.505060493510155	0.033	0.139	6.71275534538621e-122
1.58289298552912e-124	0.307841794464494	0.999	1	5.79354661633512e-120
3.09382131894358e-124	-0.493619826937691	0.041	0.153	1.13236954094654e-119
1.80645670084912e-123	-0.477559132514664	0.038	0.147	6.61181217077786e-119
7.37903139883645e-122	0.532126860909365	0.657	0.428	2.70079928228813e-117
6.32362694914435e-120	-0.582447634123657	0.093	0.239	2.31451069965632e-115
3.34643984378295e-119	0.696246195780267	0.635	0.462	1.224830447223e-114
6.40568166667462e-119	-0.447644149070847	0.03	0.128	2.34454354681958e-114
1.07101522597535e-118	-0.609872878186883	0.166	0.338	3.92002282859239e-114
3.86642075523071e-118	-0.537252765901399	0.524	0.661	1.41514866062199e-113
4.43940122438381e-118	-0.671819128959806	0.295	0.451	1.62486524213672e-113
5.69340820862384e-118	-0.425909866819331	0.024	0.115	2.08384433843841e-113
2.48898185385706e-116	-0.363016409040073	0.917	0.942	9.10992248330223e-112
1.80837510195628e-111	0.39909688002186	0.87	0.814	6.61883371067017e-107
3.14392419903083e-111	-0.307093990546607	0.986	0.996	1.15070769608728e-106
1.38699510508106e-109	-0.589742859073033	0.358	0.524	5.07654078410718e-105
6.42859650046046e-109	0.557452860525418	0.787	0.679	2.35293060513353e-104
7.25700426893954e-108	-0.442638143497114	0.028	0.119	2.65613613247456e-103
1.50658293176277e-105	-0.508874099452364	0.088	0.22	5.51424418854491e-101
1.04250012206342e-102	-0.382762767786838	0.023	0.106	3.81565469676431e-98
1.39521848872363e-101	-0.37150627506741	0.022	0.102	5.10663919057737e-97
1.62315618975318e-101	-0.431665225943947	0.037	0.131	5.94091397011561e-97
1.17984510261238e-100	0.371547308521097	0.999	1	4.31835106007157e-96
1.8541196237224e-100	-0.414571669585955	0.042	0.141	6.78626323478634e-96
2.95420347571541e-100	-0.547414160352253	0.124	0.267	1.0812680141466e-95
5.24778501553491e-100	0.628753411916839	0.782	0.703	1.92074179353593e-95
2.97490235327468e-99	-0.497557460396168	0.058	0.168	1.08884401032207e-94
2.01161319237553e-98	-0.407888313859134	0.029	0.114	7.36270544541367e-94
9.3927701650691e-98	-0.599641457222111	0.244	0.393	3.43784780811694e-93
1.06049828057506e-95	-0.553254761564373	0.216	0.373	3.88152975673278e-91
1.1942816108996e-95	-0.635502667405972	0.208	0.349	4.37119012405364e-91
1.22694806748018e-95	-0.338290463251635	0.929	0.955	4.4907526217842e-91
3.35613453435519e-95	0.256231382987847	0.995	0.997	1.22837880091934e-90
5.20207832723532e-95	-0.466169634569814	0.032	0.119	1.9040126885514e-90
1.11319433966759e-94	-0.580895315483636	0.168	0.313	4.07440260261733e-90
7.13895584223727e-93	-0.597676841191552	0.282	0.424	2.61292922781726e-88
1.54863990046582e-92	0.40391120637068	0.873	0.753	5.66817689969496e-88
2.32181302459804e-91	-0.615647222748084	0.201	0.339	8.49806785133129e-87
6.43222230846922e-91	-0.585522965241283	0.237	0.386	2.35425768712282e-86
8.38659841752952e-91	-0.494896039228161	0.06	0.162	3.06957888679998e-86
1.18715833043377e-90	-0.433674624282181	0.74	0.784	4.34511820522065e-86
2.40379867707193e-90	-0.526588993322763	0.518	0.609	8.79814353795099e-86
2.18872554367236e-89	-0.441631816525186	0.054	0.155	8.01095436239521e-85
1.50046624125933e-88	-0.413142639038666	0.773	0.818	5.49185648963328e-84
4.35605775884754e-86	-0.439076724333981	0.034	0.116	1.59436070031579e-81
8.01990322914658e-86	-0.478578445052893	0.681	0.744	2.93536478089994e-81
8.32825476274969e-86	-0.394639149597351	0.03	0.108	3.04822452571401e-81
4.41032300153945e-85	-0.307985085097923	0.908	0.93	1.61422232179346e-80
4.73559537944733e-84	0.298059505785035	0.102	0.007	1.73327526483152e-79
1.49522893380922e-83	-0.421816692708157	0.755	0.812	5.47268742063511e-79
1.95504828300069e-82	-0.346099127695879	0.026	0.101	7.15567222061082e-78
1.31100777845296e-81	-0.397053348642884	0.041	0.127	4.79841956991569e-77
4.72027305116866e-81	0.414696926018773	0.77	0.603	1.72766713945824e-76
1.15051030995625e-80	-0.385641262192735	0.033	0.112	4.21098278547088e-76
1.33675752703474e-80	0.476834232265676	0.626	0.449	4.89266622469985e-76
2.39871378985247e-80	-0.466658425988244	0.088	0.2	8.77953234223904e-76
3.32610709722906e-80	-0.435866747014846	0.597	0.693	1.21738845865681e-75
5.82800234612807e-79	-0.41947093962305	0.049	0.138	2.13310713870634e-74
1.12831656778192e-78	0.479742266852215	0.777	0.649	4.1297514697386e-74
2.33632031448793e-78	-0.51645003574885	0.122	0.243	8.55116598305727e-74
9.75775835958513e-78	-0.394605515052783	0.051	0.141	3.57143713719175e-73
1.056756303013e-77	-0.3580899996121	0.028	0.101	3.86783374465788e-73
1.47170161883495e-77	-0.411118919477158	0.062	0.16	5.38657509509779e-73
2.28817562870742e-76	-0.430526249784892	0.053	0.143	8.37495161863201e-72
5.2117339506128e-76	-0.461699884631583	0.536	0.631	1.90754674326379e-71
1.08975022824566e-75	0.336018998808755	0.902	0.894	3.98859481040193e-71
2.55047917915266e-75	-0.349592656647103	0.029	0.101	9.33500884361666e-71
8.9585189046859e-74	0.448914009620456	0.538	0.362	3.27890750430409e-69
1.76799195814533e-73	-0.484929028806085	0.444	0.556	6.47102736600771e-69
4.18984843428495e-72	-0.381937950909245	0.051	0.139	1.53352642543263e-67
7.05116423379821e-72	-0.270999501520847	0.884	0.922	2.58079662121248e-67
2.08166080374836e-71	0.368546426085284	0.754	0.621	7.61908670779937e-67
9.54160848881071e-71	-0.314779727073183	0.784	0.841	3.49232412298961e-66
4.84227042486435e-70	0.447260098804812	0.439	0.265	1.7723193982046e-65
7.10662990714122e-70	0.454532791173288	0.718	0.6	2.60109761231276e-65
1.47406728782046e-68	0.433204015832208	0.3	0.15	5.39523368015167e-64
1.90277212000998e-68	0.447692340453822	0.857	0.827	6.96433623644854e-64
5.39246795238137e-68	0.405716879584925	0.782	0.653	1.97369719525111e-63
7.12307065394784e-68	-0.509452365714323	0.15	0.264	2.60711509005145e-63
1.4874136855211e-67	0.408791162401403	0.334	0.177	5.44408283037579e-63
3.66240326251641e-67	0.601471376783782	0.375	0.228	1.34047621811363e-62
4.47379465175926e-67	0.439687594690241	0.668	0.528	1.63745358049041e-62
5.50063138923337e-67	-0.488361784667566	0.127	0.236	2.01328609477331e-62
7.20052060962579e-67	-0.532030336222858	0.197	0.311	2.63546254832913e-62
8.50152075936208e-67	-0.348320963998827	0.034	0.105	3.11164161313411e-62
4.22047289912243e-65	0.401633930502242	0.697	0.555	1.5447352858078e-60
1.64607479086669e-64	0.368615143639935	0.726	0.562	6.02479834205115e-60
1.97847931925792e-64	0.412931203110697	0.325	0.173	7.24143215641591e-60
2.52614530174114e-64	0.320027805624405	0.165	0.055	9.24594441890276e-60
1.03121582477196e-63	0.315999580192322	0.911	0.814	3.77435304024784e-59
1.71831778721435e-63	-0.341479143699701	0.803	0.828	6.28921493298324e-59
4.05407429566862e-63	0.367825085355999	0.596	0.424	1.48383173295767e-58
1.73060576185685e-62	-0.499130054444671	0.131	0.234	6.33419014897226e-58
2.80692715346131e-62	-0.387191985909642	0.059	0.141	1.02736340743838e-57
1.25932315096717e-61	-0.337154572775216	0.059	0.143	4.60924866485494e-57
3.35966790532796e-60	0.434567897002325	0.284	0.15	1.22967205002909e-55
6.56094721335086e-60	-0.498379736580145	0.303	0.417	2.40137228955855e-55
4.85302247182316e-59	0.361969722060925	0.448	0.282	1.776254754912e-54
5.16782497948865e-59	-0.39009970982685	0.059	0.138	1.89147562074264e-54
3.32477344902582e-58	-0.424160060731345	0.091	0.182	1.21690033007794e-53
3.72758646353775e-58	-0.326188283694301	0.499	0.632	1.36433392151945e-53
2.5060298694028e-57	0.411673977641495	0.179	0.072	9.17231992500118e-53
4.67963657978481e-57	0.370727683175766	0.619	0.47	1.71279378456704e-52
1.15516781363979e-56	-0.373923095114808	0.111	0.213	4.22802971470301e-52
6.98674977454141e-55	-0.29868824308108	0.838	0.865	2.5572202849799e-50
7.46378954893184e-55	0.324697509805517	0.817	0.711	2.73182161280454e-50
7.63709884084637e-55	0.326554446351339	0.308	0.167	2.79525454673818e-50
8.06815008493269e-55	0.34646123563117	0.686	0.541	2.95302361258621e-50
3.64861826272535e-54	-0.264332136039352	0.834	0.873	1.3354307703401e-49
4.53164920379101e-54	0.35693750921712	0.779	0.652	1.65862892507955e-49
9.55056749271684e-54	0.333886340358918	0.772	0.659	3.49560320800929e-49
1.63048649414767e-53	0.308926051175672	0.959	0.924	5.9677436172299e-49
1.91742185015632e-53	0.333153119861459	0.637	0.488	7.01795571375716e-49
5.2564965591748e-53	0.308274892872006	0.969	0.975	1.92393030562357e-48
7.69783180745321e-53	-0.295444222605494	0.816	0.837	2.81748341984595e-48
3.34575094380549e-51	0.295631114282352	0.223	0.107	1.22457830294225e-46
4.23958245815504e-51	-0.401558368373185	0.408	0.512	1.55172957550932e-46
4.46344361286477e-51	0.356859356506788	0.633	0.484	1.63366499674463e-46
7.679673634517e-51	0.365960139625158	0.653	0.518	2.81083734696957e-46
8.74598426249003e-51	-0.324399775837193	0.056	0.128	3.20111769991398e-46
1.10070683295721e-50	-0.314911098765124	0.039	0.102	4.02869707930668e-46
3.59690929863003e-50	-0.483703992034719	0.201	0.295	1.31650477239158e-45
4.29728549850194e-50	-0.389279057648196	0.104	0.193	1.5728494653067e-45
1.41078663310912e-49	0.390194778888699	0.602	0.463	5.16362015584268e-45
2.19070596732804e-49	0.310265230260112	0.608	0.442	8.01820291101735e-45
2.34798991201325e-49	0.336532715559142	0.592	0.432	8.59387787695971e-45
3.28700998988558e-49	-0.490718853620275	0.28	0.376	1.20307852639802e-44
2.44202113785273e-48	0.360694761146448	0.543	0.394	8.93804156665478e-44
2.53530791390653e-48	-0.31347313254004	0.105	0.197	9.27948049568929e-44
5.75267349095905e-48	0.273191590902686	0.283	0.155	2.10553602442592e-43
6.7204802825369e-48	0.343953779514187	0.428	0.28	2.45976298821133e-43
9.85072651882255e-48	-0.356392146089916	0.137	0.234	3.60546441315424e-43
3.38525043396665e-47	-0.329005149101511	0.06	0.131	1.23903551133613e-42
5.47293057985283e-47	-0.430412951876805	0.238	0.34	2.00314732153193e-42
1.03662135481693e-46	0.295865809763293	0.35	0.209	3.79413782076545e-42
1.12477311794583e-46	0.316855204191	0.226	0.115	4.11678208899353e-42
1.67119373834474e-46	0.310261587268716	0.299	0.171	6.1167362017156e-42
2.92158294546315e-46	0.304878234055815	0.791	0.669	1.06932857386897e-41
3.17429963268817e-46	0.281337146869314	0.439	0.282	1.1618254085602e-41
4.71265239292335e-46	0.284976179084914	0.189	0.088	1.72487790233388e-41
6.45232592534154e-46	0.288280141981224	0.575	0.414	2.36161581193426e-41
8.37510871370963e-46	0.300155579314638	0.367	0.226	3.06537354030486e-41
4.12907617622945e-45	-0.256837160531783	0.045	0.108	1.51128317126174e-40
6.69604834520979e-45	0.365697636389904	0.401	0.266	2.45082065483023e-40
1.80218871570862e-44	-0.357314475751929	0.594	0.631	6.59619091836512e-40
3.29542882845741e-44	0.252708271678208	0.142	0.057	1.2061599055037e-39
4.05426864527804e-44	-0.294878262435694	0.048	0.111	1.48390286685821e-39
7.96683845077013e-44	-0.396123562337102	0.169	0.263	2.91594254136638e-39
9.99380033385744e-44	0.312429800148137	0.492	0.342	3.65783086019516e-39
1.21244197271101e-43	0.350406398848963	0.468	0.327	4.43765886431956e-39
1.34283671876411e-43	-0.4477554426109	0.308	0.395	4.91491667434851e-39
2.57186760877206e-43	0.295565925777007	0.471	0.318	9.41329263486662e-39
3.16169934336472e-43	-0.447510562628641	0.303	0.388	1.15721357666492e-38
3.76733678261093e-43	0.345843637546496	0.375	0.243	1.37888293580343e-38
7.63606093699887e-43	0.275355642260086	0.243	0.132	2.79487466355096e-38
1.94701705639283e-42	-0.416688377265109	0.142	0.227	7.12627712810341e-38
3.05748229906857e-42	-0.437837179725584	0.34	0.42	1.11906909628209e-37
3.20118326544144e-42	0.260142778387342	0.203	0.102	1.17166508698422e-37
8.2063741792445e-42	0.261552981829299	0.292	0.169	3.00361501334528e-37
8.93521851497918e-42	0.295745957855098	0.322	0.196	3.27037932866753e-37
1.33028878448982e-41	0.305126221831	0.522	0.374	4.86898998011118e-37
4.17763764012841e-41	-0.267352579678052	0.805	0.819	1.5290571526634e-36
9.90117111590984e-41	0.336511551980814	0.566	0.428	3.62392764013416e-36
1.15960163519703e-40	0.321221517499416	0.623	0.481	4.24425794498465e-36
3.44293731705227e-40	-0.452682921332469	0.234	0.315	1.2601494874143e-35
3.51154752417057e-40	-0.372545473598413	0.088	0.159	1.28526150932167e-35
5.61608816881493e-40	-0.262987515650811	0.059	0.125	2.05554443066795e-35
1.04972644967152e-39	-0.436145414124557	0.267	0.347	3.84210377844272e-35
1.26627977691527e-39	0.27219576665651	0.894	0.881	4.63471061148757e-35
1.91516187354896e-39	0.275545379362848	0.196	0.1	7.00968397337655e-35
2.70702277000216e-39	0.273944565786804	0.411	0.271	9.90797404048492e-35
3.22381774137527e-39	0.30091424201148	0.639	0.497	1.17994953152076e-34
6.96288268716533e-39	-0.35995696820581	0.091	0.161	2.54848469232938e-34
1.53316107881785e-38	-0.329434320866604	0.078	0.146	5.61152286458123e-34
1.0402084096132e-37	0.255522627701243	0.42	0.279	3.80726680002526e-33
1.05537211385413e-37	0.254051532441792	0.365	0.232	3.86276747391749e-33
1.58189974435312e-37	0.251006889392666	0.741	0.648	5.78991125430684e-33
2.18265279025226e-37	0.277199520723125	0.733	0.603	7.98872747760228e-33
3.12876608190117e-37	-0.409650999645383	0.191	0.271	1.14515967363665e-32
4.15701158465967e-37	-0.347062194023492	0.608	0.63	1.52150781010129e-32
9.50251764640572e-37	0.30438681867015	0.335	0.216	3.47801648376096e-32
2.50552379328969e-36	-0.402924750451551	0.327	0.409	9.17046763581959e-32
2.80585113481625e-36	-0.266512126172582	0.052	0.109	1.02696957385409e-31
3.34625757334922e-36	0.25267855242982	0.391	0.258	1.22476373442155e-31
3.8544604972536e-36	0.379386034893802	0.726	0.637	1.41077108659979e-31
4.76161785103076e-36	-0.30757737422062	0.056	0.113	1.74279974965577e-31
5.48161988590418e-36	0.290556260307234	0.594	0.458	2.00632769443979e-31
6.52193249141351e-36	0.271921944642316	0.441	0.305	2.38709251118226e-31
7.98924660639448e-36	-0.360205248892399	0.343	0.422	2.92414415040644e-31
8.74035514759605e-36	-0.416526024281798	0.413	0.464	3.19905738757163e-31
1.35971672505034e-35	0.276877438192693	0.308	0.194	4.97669918535675e-31
1.40487928534969e-35	0.258376648054599	0.608	0.483	5.1419986723084e-31
1.58145442527332e-35	-0.357820283835023	0.454	0.509	5.78828134194288e-31
4.07948326575778e-35	0.254624580999124	0.358	0.233	1.49313167010001e-30
4.70610482841601e-35	0.32334791108769	0.543	0.415	1.72248142824854e-30
5.85739971081684e-35	-0.31947118269141	0.073	0.136	2.14386686815607e-30
7.85693202888164e-35	-0.264048971870745	0.105	0.184	2.87571569189097e-30
8.31175912547999e-35	-0.341713597660593	0.096	0.164	3.04218695751693e-30
1.10708265137067e-34	0.313990700808173	0.387	0.266	4.0520332122818e-30
1.55088258155445e-34	-0.267482186424612	0.784	0.789	5.67638533674745e-30
1.70733538731939e-34	0.278277453817942	0.39	0.267	6.24901825112771e-30
1.91866843400503e-34	0.258923142119504	0.458	0.321	7.0225183353018e-30
2.50446153053247e-34	-0.33336238655523	0.206	0.292	9.16657964790189e-30
4.24790957815554e-34	0.26798197777371	0.354	0.233	1.55477738470071e-29
9.00624117472233e-34	-0.323695747472285	0.075	0.136	3.29637433236012e-29
1.81468680240289e-33	-0.343706068611542	0.141	0.219	6.64193516547483e-29
2.352993483426e-33	-0.299011466018543	0.074	0.136	8.61219144868749e-29
2.63059153407583e-33	0.282185777790306	0.421	0.292	9.62822807387096e-29
2.90626544753513e-33	0.25667443788657	0.408	0.279	1.06372221645233e-28
5.05830117294903e-33	0.287449386008094	0.434	0.31	1.85138881231107e-28
5.69723691939889e-33	0.274311624834826	0.44	0.312	2.08524568486919e-28
9.05287485752709e-33	0.250884596007451	0.259	0.157	3.31344272660349e-28
1.15219988215936e-32	0.263578259947748	0.491	0.359	4.21716678869149e-28
2.0320650846765e-32	-0.269546078771707	0.661	0.675	7.43756141642446e-28
3.436677748491e-32	-0.332004077113857	0.162	0.243	1.25785842272519e-27
8.66649892127268e-32	0.283677534615609	0.387	0.269	3.17202527017501e-27
1.36226839158919e-31	-0.330168627646051	0.14	0.214	4.98603854005558e-27
1.52822372166947e-31	0.255085002977271	0.317	0.206	5.59345164368243e-27
3.90215941950623e-31	0.264749664723452	0.257	0.16	1.42822936913347e-26
1.06515930628594e-30	0.285238161649474	0.322	0.216	3.89858957693717e-26
1.10576094871635e-30	0.272206496087205	0.476	0.355	4.04719564839671e-26
1.18673314628276e-30	-0.310167145407162	0.128	0.201	4.34356198870952e-26
2.02143250914019e-30	0.285146260620563	0.442	0.324	7.39864512670402e-26
2.85176519028872e-30	-0.368662389652759	0.175	0.249	1.04377457729758e-25
2.95287394883802e-30	-0.399779908814539	0.205	0.275	1.0807813940142e-25
3.04551393840935e-30	-0.346696380091909	0.27	0.345	1.11468855659721e-25
4.53036399066393e-30	0.250650770116035	0.346	0.235	1.65815852422291e-25
8.01804701500399e-30	-0.319021198382498	0.088	0.148	2.93468538796161e-25
8.81063438153352e-30	0.291862571453498	0.767	0.68	3.22478028998508e-25
2.1280042571805e-29	-0.297503227073565	0.126	0.197	7.78870838170636e-25
2.26913894552625e-29	0.255564066659778	0.49	0.366	8.30527545452062e-25
6.88864243230522e-29	0.285865759175053	0.305	0.206	2.52131201664804e-24
5.0172070607384e-28	-0.309720113427569	0.288	0.372	1.83634795630086e-23
5.1589514996467e-28	0.251476698486532	0.544	0.429	1.88822783838569e-23
1.10583330134097e-27	0.29389754412491	0.736	0.652	4.04746046623808e-23
4.31758958056234e-27	0.292866492694797	0.7	0.61	1.58028096238162e-22
5.24796961878348e-27	-0.259471984460775	0.14	0.211	1.92080936017094e-22
6.45361573098214e-27	0.250781484115203	0.703	0.59	2.36208789369677e-22
9.26971370467079e-27	0.297887088058315	0.148	0.081	3.39280791304656e-22
1.12080910177899e-26	-0.297012227035758	0.129	0.196	4.1022733934213e-22
1.4055013640771e-26	-0.266457254417659	0.055	0.103	5.14427554265858e-22
6.24351056959639e-26	0.272470125129885	0.523	0.41	2.28518730357797e-21
1.11996991212853e-25	-0.300749905543457	0.124	0.185	4.09920187538163e-21
1.39948999655166e-25	-0.276891127945098	0.114	0.177	5.12227333637874e-21
1.68951063849058e-25	-0.327795750917707	0.293	0.359	6.18377788793937e-21
3.40965611447038e-25	-0.315610025730889	0.52	0.543	1.2479682344573e-20
7.67595987604949e-25	0.265940486080398	0.489	0.383	2.80947807423287e-20
8.21821723737937e-25	-0.374865659229054	0.312	0.364	3.00794969105322e-20
5.28834064969387e-24	-0.34619117771937	0.314	0.373	1.93558556119445e-19
5.35307739532751e-24	0.302098285750903	0.32	0.232	1.95927985746382e-19
5.3576731923742e-24	0.254208889073349	0.408	0.306	1.96096196514088e-19
6.58354954061388e-24	-0.295690616228426	0.095	0.149	2.40964496736008e-19
7.01079018097942e-24	-0.361482307187109	0.276	0.33	2.56601931414028e-19
1.39485802816406e-23	0.332846397313209	0.256	0.175	5.10531986888327e-19
1.4945536831977e-23	0.329265409950148	0.634	0.545	5.4702159358719e-19
6.76379993888642e-23	0.273157019823688	0.694	0.619	2.47561841563182e-18
9.93690355588648e-23	0.336541004375443	0.64	0.569	3.63700607049001e-18
1.29944948276896e-22	-0.295762117893135	0.222	0.284	4.75611505188269e-18
2.75083019888013e-22	-0.259416477063622	0.075	0.122	1.00683136109212e-17
4.84852667570397e-22	-0.336574085757019	0.132	0.185	1.77460924857441e-17
2.18068439827349e-21	0.26237756686127	0.473	0.379	7.98152296612078e-17
6.51708038050457e-21	0.256514130178143	0.276	0.198	2.38531659006848e-16
8.55913707853899e-21	-0.308397573065758	0.15	0.207	3.13272976211606e-16
8.74338422724253e-21	-0.283896435659723	0.371	0.42	3.20016606101304e-16
9.47460390211983e-21	-0.299191061562526	0.125	0.178	3.46779977421488e-16
1.16381022775575e-20	-0.269428760802129	0.468	0.498	4.25966181460883e-16
1.63216812651742e-20	-0.336543202469834	0.192	0.246	5.97389855986641e-16
4.35969253797988e-20	-0.288740676383577	0.106	0.157	1.59569106582602e-15
6.30501996483103e-20	-0.36431226902977	0.163	0.213	2.30770035732781e-15
1.38654310383311e-19	-0.257688002003861	0.075	0.12	5.07488641433956e-15
1.94937687303827e-19	0.309364129494137	0.968	0.971	7.13491429300737e-15
2.25904017124296e-19	-0.335421837913151	0.154	0.204	8.26831293076634e-15
3.17053314905904e-19	-0.309507399936198	0.42	0.448	1.1604468378871e-14
3.23416347824753e-19	-0.337695815022726	0.261	0.305	1.18373617467338e-14
6.6869459293192e-19	0.381984857913237	0.259	0.188	2.44748907959012e-14
7.18629579034889e-19	0.263184796414313	0.656	0.578	2.6302561222256e-14
4.1207805369824e-18	0.327791504074697	0.17	0.114	1.50824688434093e-13
8.94738151759702e-18	-0.271284912027371	0.09	0.133	3.27483110925568e-13
5.73567510486343e-17	-0.260943847430439	0.078	0.118	2.09931444513106e-12
2.305309166198e-16	-0.285324750617694	0.393	0.426	8.43766207920131e-12
6.473596080803e-16	-0.316785691538393	0.199	0.244	2.36940090153471e-11
6.38014436957059e-15	-0.297450504699377	0.336	0.37	2.33519664070653e-10
6.82102490103562e-15	-0.294332562630343	0.201	0.244	2.49656332402805e-10
1.03789541920411e-13	-0.275020556741254	0.134	0.175	3.79880102382897e-09
1.22638704970178e-13	-0.281755102535643	0.169	0.21	4.48869924061347e-09
1.88061437502987e-13	-0.266470191564615	0.39	0.411	6.88323667404684e-09
4.66941341536251e-13	-0.287692103607705	0.255	0.292	1.70905200415683e-08
8.01837163936054e-13	-0.2999483122071	0.334	0.358	2.93480420372235e-08
1.27784532394133e-12	-0.252007163849522	0.138	0.178	4.67704167015765e-08
1.33364892781126e-12	-0.250115640415727	0.333	0.368	4.88128844068198e-08
1.67031117912538e-12	-0.268781046125884	0.385	0.401	6.1135059467168e-08
2.40309151044558e-12	-0.252138490349918	0.258	0.298	8.79555523738185e-08
2.55025334790591e-12	-0.294027339674416	0.195	0.231	9.33418227867042e-08
3.20306148943761e-12	-0.261036097066706	0.426	0.441	1.17235253574906e-07
4.67226429337341e-12	-0.252327209337004	0.487	0.488	1.7100954540176e-07
1.78055075493489e-11	-0.26123293599479	0.349	0.379	6.5169938181372e-07
4.27176279221819e-11	-0.282694141213443	0.314	0.333	1.56350789957978e-06
1.59371305362004e-10	-0.255059794909186	0.448	0.443	5.8331491475547e-06
3.21074970830385e-09	-0.258528545586029	0.153	0.182	0.000117516650073629
3.34993931692449e-09	-0.251437604303482	0.235	0.264	0.000122611128938753
3.94799562985513e-09	-0.261754387224099	0.336	0.348	0.000144500588048328
1.19716978363751e-08	-0.267759874156748	0.221	0.244	0.000438176112509165
2.71273128448128e-07	0.253473210709242	0.98	0.988	0.00992886777432994
1.70117304400743e-05	0.263009174135961	0.425	0.398	0.62264634583716
