p_val	avg_log2FC	pct.1	pct.2	p_val_adj	gene
0	-0.841337980569383	0.545	0.641	0	EPB41
0	0.313961587995115	0.237	0.075	0	SF3B4
0	-1.28974344431209	0.197	0.414	0	C1orf56
0	-1.30830589506639	0.101	0.477	0	S100A9
0	-1.19643362910975	0.064	0.367	0	S100A8
0	0.988347980264584	1	0.998	0	RPS27
0	-0.739704075214789	0.565	0.644	0	ASH1L
0	1.08350873653207	0.874	0.734	0	LMNA
0	0.337451001578698	0.35	0.142	0	MGST3
0	0.350028437102995	0.273	0.097	0	DEGS1
0	0.461838670035069	0.639	0.322	0	ARF1
0	0.447690473006978	0.998	0.985	0	RPS7
0	0.574245516617582	0.603	0.307	0	ODC1
0	0.562187940063962	0.836	0.514	0	OST4
0	0.39321154854706	0.154	0.026	0	AC006369.1
0	-2.19574041200845	0.039	0.35	0	IL1B
0	1.18609927067185	0.936	0.689	0	CXCR4
0	-0.882942206217149	0.283	0.468	0	PLCL1
0	0.350945302204483	0.991	0.953	0	RPL37A
0	0.27193368612229	1	0.999	0	RPL32
0	0.330622422922678	0.992	0.968	0	RPSA
0	0.553281722128472	0.922	0.65	0	TMA7
0	-1.19193512724912	0.768	0.892	0	FOXP1
0	0.97663341438346	0.424	0.085	0	MTRNR2L12
0	-1.36315546486846	0.347	0.602	0	CMSS1
0	-0.778695383298844	0.919	0.939	0	MBNL1
0	0.389622759391985	0.487	0.229	0	ATP5ME
0	0.546327499301743	0.354	0.138	0	LYAR
0	0.611457013771362	0.27	0.084	0	HOPX
0	-1.5466548595512	0.024	0.235	0	CXCL8
0	-1.28172628619151	0.02	0.179	0	EREG
0	-1.09041124514016	0.313	0.53	0	LEF1
0	0.506150929719741	0.637	0.335	0	SNHG8
0	0.382615527578736	0.358	0.137	0	NDUFC1
0	-0.828412322776522	0.427	0.555	0	TMEM131L
0	0.584064204960804	0.999	0.993	0	RPL37
0	-0.766363346759884	0.559	0.643	0	TNFAIP8
0	-0.680030962447557	0.831	0.843	0	CDC42SE2
0	0.438785301897303	0.574	0.283	0	HIGD2A
0	-0.962134964091557	0.342	0.517	0	JARID2
0	-0.913209922841362	0.578	0.709	0	RIPOR2
0	1.23393963771453	0.674	0.203	0	HIST1H4C
0	0.675533231574394	0.424	0.118	0	HLA-F
0	0.509494521927044	0.988	0.913	0	HLA-A
0	0.596279156075713	0.957	0.743	0	HLA-E
0	1.04164285785445	0.994	0.863	0	HLA-C
0	1.11387240382529	1	0.964	0	HLA-B
0	0.628904007187713	1	0.997	0	RPS18
0	-1.36925280524296	0.934	0.983	0	RPS10
0	0.324246068472879	0.991	0.969	0	RPL10A
0	0.381707564295188	1	1	0	EEF1A1
0	-0.766097501929552	0.792	0.865	0	BACH2
0	-0.550232272570697	0.849	0.872	0	FYN
0	1.67039620865591	0.642	0.018	0	SLC35F1
0	-0.830165567415027	0.544	0.65	0	HIVEP2
0	-1.1767805827015	0.428	0.555	0	SOD2
0	0.629159744311605	0.923	0.649	0	PPIA
0	0.424454730969302	0.3	0.1	0	SBDS
0	0.646294963724159	0.297	0.035	0	ARF5
0	-0.787781678683151	0.599	0.691	0	BRAF
0	0.482454479083148	0.576	0.29	0	GSTK1
0	-0.698773260788304	0.628	0.671	0	KAT6A
0	-0.692673313059132	0.917	0.918	0	RPL7
0	0.337139555001569	1	0.999	0	RPL30
0	-0.804054848657875	0.529	0.641	0	ZHX2
0	0.389952573663926	0.39	0.166	0	LY6E
0	0.417957290083045	0.998	0.99	0	RPS6
0	0.744746765904214	0.899	0.9	0	ANXA1
0	0.756270651637159	0.994	0.947	0	RPL35
0	-0.642247642636642	0.745	0.773	0	FNBP1
0	0.403712999905144	0.998	0.987	0	RPL7A
0	-1.08036050737562	0.471	0.625	0	ZEB1
0	0.572994077933899	0.599	0.314	0	IFITM2
0	1.99377704350571	0.665	0.024	0	IFITM1
0	0.444641556525061	0.967	0.847	0	RPL27A
0	0.547593307951371	0.176	0.015	0	MTRNR2L8
0	-0.857698241869393	0.579	0.696	0	PDE3B
0	0.388612705203932	0.552	0.27	0	COX8A
0	-0.611253644038401	0.668	0.752	0	NEAT1
0	0.564293273140402	0.937	0.71	0	CFL1
0	0.748734354388036	0.452	0.212	0	CTSW
0	-0.909740922904354	0.571	0.688	0	PACS1
0	0.489077797391714	1	0.997	0	RPS3
0	-0.877301045817619	0.53	0.69	0	MAML2
0	-0.659372045279412	0.861	0.884	0	SIK3
0	0.408530405418642	0.998	0.989	0	RPS25
0	0.525716695270599	0.918	0.675	0	HNRNPA1
0	3.32943900138326	0.999	0.691	0	RPS26
0	0.408597818346961	1	1	0	RPL41
0	-0.900857534992803	0.083	0.342	0	LYZ
0	0.71709687120643	0.269	0.007	0	AC138123.1
0	-0.906208368895523	0.259	0.438	0	BTBD11
0	0.416522339177554	0.996	0.978	0	RPL6
0	-0.871719153562839	0.492	0.621	0	MED13L
0	0.385601006250567	0.655	0.355	0	COX6A1
0	0.736526664499928	0.984	0.864	0	UBC
0	0.774760591017138	0.903	0.786	0	RGCC
0	0.780286466009926	0.672	0.405	0	TRAC
0	0.435612847373778	0.671	0.365	0	PSME1
0	1.08274295366804	0.998	0.965	0	RPS29
0	-0.912684145911598	0.396	0.595	0	SIPA1L1
0	0.982691391568601	0.626	0.355	0	FOS
0	0.97009450879563	0.977	0.927	0	CRIP1
0	0.596682142537765	1	1	0	B2M
0	-0.863312929522349	0.638	0.728	0	USP3
0	-0.867734242810115	0.626	0.719	0	HERC1
0	-0.781290686989006	0.659	0.739	0	DENND4A
0	-1.07912706995652	0.145	0.36	0	IGF1R
0	0.695564487230533	0.724	0.513	0	IL32
0	0.552685544408402	0.327	0.103	0	SOCS1
0	0.55674008148189	0.775	0.444	0	CORO1A
0	0.971425127014603	0.997	0.943	0	RPL23A
0	-1.0541966012824	0.644	0.793	0	SSH2
0	0.295383454629616	0.999	0.998	0	RPL19
0	0.430329771274453	0.999	0.987	0	EIF1
0	0.478632067411428	0.987	0.913	0	RPL27
0	0.391409840198089	0.169	0.022	0	KANSL1-AS1
0	0.654496565990364	0.23	0.005	0	ARL17B
0	0.444474654089211	0.36	0.152	0	TOB1
0	-1.1872846164402	0.737	0.892	0	PITPNC1
0	0.795989717627006	0.987	0.884	0	RPL38
0	0.722200489049963	0.735	0.416	0	SRSF2
0	0.466506661032868	0.455	0.199	0	EIF4A3
0	0.549616192984981	0.781	0.48	0	MYL12A
0	0.677557283132051	0.45	0.185	0	GZMM
0	0.633768815457386	0.532	0.262	0	GADD45B
0	0.438220819193585	0.908	0.674	0	EEF2
0	0.574905525297769	0.997	0.986	0	RPL36
0	0.515105133743475	1	0.998	0	RPS28
0	0.412516855198444	0.705	0.385	0	UBL5
0	0.506036199442156	0.534	0.233	0	ICAM3
0	0.355574939812627	0.999	0.997	0	RPL18A
0	-0.654770107525864	0.963	0.984	0	JUND
0	0.639678691121603	0.732	0.44	0	HCST
0	2.18532097532565	0.829	0.29	0	ZFP36
0	0.399574661844133	1	0.998	0	RPS19
0	0.568552618187293	0.875	0.587	0	NOP53
0	-0.720511250790152	0.93	0.949	0	RPL13A
0	-0.401144029398817	0.963	0.947	0	RPS11
0	0.553289444969275	0.816	0.539	0	MYADM
0	0.343228757290956	0.401	0.175	0	NDUFA3
0	0.565790529680301	0.999	0.982	0	RPS9
0	0.302642045845645	1	1	0	RPL28
0	-0.682355747483863	0.709	0.735	0	STK4
0	-1.16705014345383	0.236	0.532	0	TSHZ2
0	0.713312545128392	0.999	0.988	0	RPS21
0	0.47393325662639	0.544	0.265	0	CSTB
0	0.496608096243417	0.554	0.265	0	RAC2
0	0.612292311572027	0.999	0.992	0	RPL3
0	-0.755696314458217	0.678	0.729	0	TNRC6B
0	0.485092137127777	0.284	0.069	0	RRP7A
0	0.626390110943352	1	0.998	0	TMSB4X
0	0.52224670588317	0.53	0.245	0	PLP2
0	0.445349233715382	0.606	0.331	0	IL2RG
0	0.559443892745496	0.249	0.083	0	CXCR3
0	0.533968071641522	0.991	0.956	0	RPL36A
0	0.783175262569837	0.94	0.766	0	TSC22D3
0	0.47212674023111	0.584	0.268	0	NDUFA1
0	0.381913345741451	1	1	0	RPL10
0	-0.577835322956137	0.958	0.907	0	MT-ND1
0	-0.80508494364725	0.921	0.902	0	MT-ND2
0	-0.352094320631489	0.998	0.966	0	MT-CO1
0	-0.636837679594076	0.999	0.979	0	MT-CO2
0	0.433743175736374	0.258	0.069	0	MT-ATP8
0	-0.793369005967913	0.993	0.969	0	MT-ATP6
0	-1.09282925102834	0.997	0.978	0	MT-CO3
0	-0.973615327840417	0.981	0.953	0	MT-ND4
0	-0.927221534241497	0.993	0.969	0	MT-CYB
3.13733281821432e-307	0.431820931897972	0.803	0.523	1.14829518479462e-302	SNHG6
6.11903366539498e-307	0.52334583158842	0.878	0.661	2.23962751187122e-302	HSPA8
8.01071522178725e-305	0.387693401018454	0.446	0.21	2.93200187832635e-300	MT-ND4L
1.21095400100637e-304	0.832149892645848	0.533	0.308	4.43221273908343e-300	DUSP2
2.15071729214144e-301	0.702093456974042	0.53	0.29	7.87184036096689e-297	JUN
3.04316933688366e-301	0.413924159928373	0.888	0.651	1.11383040899279e-296	YBX1
3.56903528237929e-301	0.370255071391981	0.55	0.283	1.30630260370364e-296	ATP5F1B
5.9576924096966e-299	0.419657837908511	0.357	0.154	2.18057499887305e-294	PTGER4
1.43214711917243e-297	-0.7294548313067	0.546	0.633	5.24180167088302e-293	LINC01619
1.26626724890034e-296	0.384373949953439	0.951	0.775	4.63466475770014e-292	ARHGDIB
2.05672533506496e-294	0.48793627699096	0.683	0.434	7.52782039887126e-290	CD3E
5.28284816472272e-294	0.449267833156171	0.941	0.771	1.93357525677016e-289	PFN1
1.75434983201582e-293	0.446402426683725	0.424	0.201	6.42109582016111e-289	ITGB2
8.53450212968553e-292	0.549805358242975	0.839	0.608	3.1237131244862e-287	KLF6
1.23443361397113e-291	-0.524505723689459	0.889	0.877	4.51815047049573e-287	HSP90AA1
3.70660345357202e-291	-0.875136257320566	0.204	0.381	1.3566539300419e-286	FHIT
2.23360154598819e-290	-0.762179206283631	0.533	0.628	8.17520501847137e-286	BTBD9
1.67736478245473e-289	0.337816315552229	0.49	0.243	6.13932284026256e-285	EIF3L
3.66596136218004e-289	0.371192470320212	0.448	0.216	1.34177851817152e-284	SLC3A2
2.69427504351192e-288	0.318531702542436	0.322	0.131	9.86131608675797e-284	MRPL33
4.50686677981574e-288	0.447885470704036	0.537	0.285	1.64955831008036e-283	TAGAP
1.67484937034293e-287	0.257597894189394	0.997	0.99	6.13011618039217e-283	RPL17
3.14537539807465e-287	0.363325386079512	0.55	0.287	1.1512388494493e-282	TRMT112
9.97812562766244e-287	0.369469088970762	0.881	0.609	3.65209376098073e-282	SRP14
1.90671798497322e-285	-0.723809804359991	0.531	0.633	6.9787784968005e-281	BICDL1
4.6054359938948e-284	0.290397497015812	0.223	0.072	1.68563562812543e-279	NDUFB3
7.56711641571121e-284	0.376762675694153	0.661	0.378	2.76964027931446e-279	EIF3G
2.083371221894e-283	0.489168210863885	0.301	0.124	7.62534700925423e-279	AQP3
3.25175806968053e-283	0.363748030814195	0.412	0.192	1.19017597108377e-278	ARL4A
2.30495341350064e-282	0.328134042552573	0.389	0.175	8.43635998875368e-278	PRDX2
2.51662075706907e-281	0.401348744280849	0.326	0.138	9.2110836329485e-277	BHLHE40
2.55611129902095e-280	0.322430470946178	0.39	0.176	9.35562296554658e-276	FKBP8
2.0747248564085e-279	-0.667590995843842	0.65	0.692	7.59370044694076e-275	AKT3
2.47479599186165e-279	0.300167053579162	0.328	0.136	9.05800080981284e-275	ROMO1
2.7521232004868e-279	0.337658886782964	0.529	0.272	1.00730461261018e-274	EIF3D
3.53178051085978e-279	0.411617775020955	0.557	0.303	1.29266698477979e-274	PLAAT4
9.83870881580541e-279	0.37928952444059	0.725	0.435	3.60106581367294e-274	SSR2
9.0150434885012e-278	0.443272724127101	0.891	0.711	3.29959606722632e-273	CD52
7.61583607566612e-277	0.350042862205455	0.356	0.157	2.78747216205455e-272	PAXX
2.20044018159227e-276	0.327279724426706	0.211	0.067	8.05383110864587e-272	CTSA
4.90399601954905e-276	0.312439075235167	0.489	0.242	1.79491158311515e-271	MAGOH
6.58259964371835e-276	0.357733693793635	0.938	0.767	2.40929729559735e-271	TOMM7
8.95887724502098e-276	-0.515709798407038	0.738	0.791	3.27903866045013e-271	CD247
1.36686311952235e-275	0.314155082721786	0.391	0.177	5.00285570376374e-271	PET100
3.82523320983536e-274	0.429856838811344	0.807	0.55	1.40007360713184e-269	TLE5
1.24622712237788e-273	0.319730849969004	0.438	0.21	4.56131589061528e-269	DAD1
7.34647268424657e-273	0.407533419610023	0.456	0.228	2.68888246716109e-268	ABHD17A
5.50444603679425e-271	-0.677733864008851	0.591	0.656	2.01468229392706e-266	PRKCH
2.80629951685994e-270	0.323523928022999	0.387	0.178	1.02713368616591e-265	BSG
4.20104566294829e-270	-1.07543628030639	0.139	0.307	1.5376247230957e-265	IER3
4.51880025244477e-269	0.34952830041852	0.729	0.431	1.65392608039731e-264	SAP18
1.79687609692791e-268	-0.674953619941999	0.635	0.673	6.57674620236585e-264	CNOT6L
1.18942709988029e-267	0.337320308434108	0.59	0.323	4.35342212827186e-263	PPIB
1.08591133731833e-266	0.418201301028382	0.982	0.923	3.97454408571881e-262	BTG1
4.6945210799214e-264	0.27623237294373	0.257	0.096	1.71824166046203e-259	ABT1
4.996850007141e-264	0.315017059877248	0.541	0.283	1.82889707111368e-259	KRTCAP2
6.4813078133713e-264	0.317667309344657	0.534	0.279	2.37222347277203e-259	SNRPF
5.78957432268097e-262	-0.852525009441081	0.279	0.426	2.11904209784446e-257	MLLT3
1.80354028734366e-260	0.298772976129706	0.254	0.096	6.60113780570651e-256	SRPRA
1.04951051389132e-259	-0.784934284639444	0.405	0.515	3.84131343189362e-255	FOXO1
8.39566730732117e-256	-0.783155270583771	0.383	0.504	3.07289819115262e-251	SERINC5
2.07458446305246e-253	0.272418095375199	0.134	0.03	7.5931865932183e-249	KMT2E-AS1
3.0907278761004e-253	0.682359826008871	0.738	0.548	1.13123730993151e-248	TRBC2
7.34733940626782e-253	0.307391045581503	0.43	0.212	2.68919969608808e-248	C1QBP
1.10666053330562e-252	0.285052229131884	0.296	0.123	4.05048821795189e-248	BCL7B
2.33160440792336e-252	0.300424849229433	0.351	0.159	8.5339052934403e-248	RAD23A
9.04248578830512e-252	0.556779681873821	0.754	0.522	3.30964022337756e-247	LDHA
1.41118187693856e-251	0.273204483140407	0.475	0.237	5.16506678778284e-247	ATP5MF
7.60967322572353e-250	0.28565584493483	0.28	0.114	2.78521649734707e-245	DDOST
2.58940657550568e-249	0.448420580390315	0.926	0.755	9.47748700700833e-245	GAPDH
4.77990372147919e-249	0.411033696176233	0.417	0.208	1.7494925610986e-244	UBE2S
7.27982755028646e-249	0.362975337114106	0.524	0.285	2.66448968168035e-244	RBM38
1.62335476621415e-248	0.29511236026257	0.375	0.174	5.94164077982043e-244	SNRPN
5.29575883869856e-248	0.309631777425215	0.604	0.336	1.93830069255206e-243	POLR2L
2.56641494313832e-247	-0.562028734316324	0.335	0.533	9.39333533338056e-243	ZEB2
2.18040748882878e-246	-0.712789458041894	0.444	0.547	7.98050944986222e-242	ZFAND3
2.71513043275483e-245	-0.750797121962356	0.389	0.496	9.93764889692595e-241	KDM6A
9.6406034458664e-245	0.324904763238914	0.189	0.061	3.52855726722156e-240	FAS
3.1344625076701e-243	-0.886851308485483	0.139	0.289	1.14724462243233e-238	FILIP1L
1.31221377384277e-240	0.339285174224192	0.423	0.213	4.80283363364191e-236	PIM3
7.24459875031359e-240	0.283182918878219	0.376	0.177	2.65159558860228e-235	PSMB8
1.4232344713851e-238	0.344217387825778	0.413	0.208	5.2091804887166e-234	SNHG16
6.62426101480375e-237	0.409518034404336	0.225	0.084	2.42454577402832e-232	MT1X
4.26964796648887e-236	-0.478864375268523	0.835	0.82	1.56273385221459e-231	ANKRD12
2.22187491356679e-235	0.281741899442953	0.347	0.16	8.13228437114582e-231	EIF4H
9.37860512353429e-235	-0.726512783138334	0.078	0.219	3.43266326126479e-230	HSPA1A
2.20915808372781e-234	-0.954732386922271	0.036	0.162	8.08573950225217e-230	CCL3
2.59094046038445e-233	0.272542406708755	0.39	0.188	9.48310117905313e-229	MED10
3.32428363038405e-232	0.266138375958324	0.404	0.197	1.21672105155687e-227	TOMM5
6.28324673904216e-232	0.261045050888935	0.262	0.106	2.29973113895682e-227	PPP1R11
5.4958025670903e-231	0.387635927340185	0.872	0.642	2.01151869758072e-226	CYBA
4.25565715831855e-230	0.300436136874013	0.225	0.085	1.55761307651617e-225	BTN3A2
6.18814306416947e-230	0.33012831818717	0.332	0.154	2.26492224291667e-225	ARHGAP9
2.80018410201265e-229	-0.717773935405369	0.444	0.537	1.02489538317765e-224	TGFBR2
2.3728405362486e-227	0.355454215802392	0.469	0.254	8.6848336467235e-223	ORAI1
3.85342833391723e-227	0.301668352728908	0.175	0.056	1.41039330449704e-222	H2AFX
8.16228472247829e-227	0.34263817707339	0.7	0.429	2.98747783127428e-222	CD53
1.09087803181003e-226	-0.796619416541111	0.266	0.415	3.99272268422788e-222	SESN3
1.47407169151255e-226	0.269592349971535	0.341	0.158	5.39524979810509e-222	SRP9
1.49070111927196e-226	0.2919041418014	0.461	0.241	5.45611516664731e-222	GTF3A
1.51555876946548e-226	0.265343600117384	0.283	0.121	5.54709665212059e-222	SSBP4
1.72495211827497e-226	0.260029913970395	0.345	0.161	6.31349724809823e-222	EMC7
3.55520235681056e-226	0.26670835675199	0.474	0.247	1.30123961461623e-221	NDUFB4
8.92963216063606e-226	0.256638186709898	0.303	0.133	3.26833466711441e-221	TNFRSF14
2.04730593506685e-225	0.260951701022415	0.36	0.171	7.49334445293818e-221	BLOC1S1
5.02743996239476e-225	0.333520699271143	0.774	0.501	1.8400933006361e-220	EIF3F
1.22802433058324e-224	0.28180886193167	0.307	0.138	4.49469185236772e-220	CEBPZ
1.1579027400443e-223	-0.552219865236445	0.682	0.694	4.23803981883614e-219	CHD2
1.3228827813317e-223	-0.641298119024984	0.563	0.616	4.84188326795217e-219	FBXO11
1.95402788497129e-223	0.29192893492297	0.365	0.176	7.15193746178341e-219	SEPTIN1
2.33227219175567e-223	0.287576186058204	0.976	0.877	8.53634944904494e-219	RPL36AL
4.6319623757811e-223	0.277249802795327	0.286	0.124	1.69534454915964e-218	DDX39A
1.97082499144994e-222	0.29445387540206	0.688	0.414	7.21341655120593e-218	UQCR11
4.74288930500345e-222	0.295058298350588	0.163	0.051	1.73594491452431e-217	PERP
1.88341535745139e-221	-0.630471996962084	0.529	0.6	6.89348854980784e-217	RUNX1
3.2835539947891e-221	0.569505691832685	0.866	0.745	1.20181359763276e-216	S100A4
4.04059408353245e-221	0.325106793027734	0.333	0.157	1.47889784051371e-216	TENT5C
3.71083395450187e-220	0.252755298522019	0.177	0.058	1.35820233568723e-215	TMEM109
2.80242922422255e-219	0.264948252898186	0.253	0.104	1.0257171203577e-214	ANXA6
5.20358628423593e-219	0.403548770706	0.6	0.361	1.90456461589319e-214	IRF1
1.24741944934287e-218	0.290365014315137	0.377	0.187	4.56567992653985e-214	ACAP1
1.46383754544301e-217	0.270595308452898	0.543	0.299	5.35779180007596e-213	ARL6IP4
2.03544089928485e-217	0.310016082023851	0.927	0.743	7.44991723547248e-213	COX7C
3.10711090249487e-217	0.274372720322309	0.398	0.2	1.13723366142215e-212	TSTD1
1.16754185473687e-216	0.285360849327755	0.973	0.891	4.27331994252241e-212	RPL4
5.97853786185674e-216	0.303255157556836	0.358	0.176	2.18820464281819e-211	LYSMD2
2.31429531725349e-214	0.269545918461362	0.215	0.082	8.47055229067951e-210	SYTL1
2.67447782440677e-214	0.254489565991146	0.476	0.254	9.78885628511123e-210	TMEM258
1.84901224664538e-213	0.327925283208341	0.521	0.294	6.76756972394676e-209	PBXIP1
2.83233574390336e-213	0.31241691466132	0.719	0.451	1.03666320562607e-208	SNRPD2
5.43303159908033e-213	-0.584303412566208	0.677	0.692	1.98854389557939e-208	SMCHD1
6.08022449887284e-213	-0.705678982611283	0.441	0.521	2.22542296883245e-208	RASA2
6.66317404347569e-212	0.907816928826185	0.213	0.09	2.43878833165254e-207	GZMK
8.36974789846324e-212	-0.532817911496215	0.755	0.745	3.06341142831653e-207	ARHGAP15
2.2828735488415e-211	0.259163477653799	0.463	0.245	8.35554547611477e-207	ILF2
1.12925758203995e-210	-0.693675856272554	0.448	0.527	4.13319567602442e-206	ARID1B
2.25535593230914e-208	0.59188747709958	0.764	0.551	8.25482824784467e-204	JUNB
6.61316011954e-208	-0.518422236888286	0.73	0.728	2.42048273535283e-203	JMJD1C
8.37643117270967e-208	0.315529009932576	0.456	0.249	3.06585757352347e-203	PLK3
2.6261881499293e-207	0.279220679906831	0.326	0.155	9.61211124755623e-203	CSRNP1
2.75025002924072e-207	0.470387338541348	0.789	0.541	1.0066190132024e-202	CD37
3.45638561685953e-207	0.418548792424015	0.61	0.394	1.26507169962676e-202	CD2
5.89179469954446e-207	-0.542178075114358	0.651	0.706	2.15645577798027e-202	RALGAPA1
9.66160130051796e-207	0.327018018611615	0.608	0.364	3.53624269200258e-202	CLIC1
2.22862582419254e-206	-0.755877509328014	0.257	0.379	8.15699337912712e-202	AC016831.5
2.40820212274523e-205	-0.500934788259261	0.771	0.76	8.81426058945983e-201	PPP2R5C
3.22128721921027e-205	0.35488464238009	0.902	0.714	1.17902333510315e-200	FXYD5
4.40008591847122e-205	0.33833358847007	0.487	0.274	1.61047544701965e-200	S1PR4
1.15577538734249e-204	0.35658015818429	0.585	0.347	4.23025349521223e-200	PPP1R15A
9.56942798146168e-203	0.320196806475642	0.318	0.153	3.50250633549479e-198	ALOX5AP
1.25179260108246e-202	-0.426678955123721	0.113	0.261	4.58168609922192e-198	CST3
6.55020426399308e-200	0.309904934192457	0.632	0.382	2.39744026266411e-195	LSP1
1.42464263894658e-199	0.304871326842135	0.567	0.334	5.2143345228084e-195	SLC25A5
1.95664731109271e-198	0.279283402379363	0.689	0.424	7.16152482333043e-194	COX6C
8.2450368514985e-197	-0.582518843632079	0.609	0.654	3.01776593801696e-192	FYB1
2.80177190542903e-196	0.266171964920419	0.323	0.158	1.02547653510608e-191	XPC
1.96998661933782e-195	0.339998703660916	0.132	0.038	7.21034802543834e-191	NCR3
8.63636519414706e-195	0.252631215936147	0.427	0.226	3.16099602470976e-190	CDC37
1.48299075816533e-193	0.303421198028111	0.665	0.412	5.42789447396094e-189	PGK1
1.81853925877804e-193	0.279193436350202	0.959	0.863	6.65603554105352e-189	EEF1G
2.97301395125335e-193	0.454724649033639	0.638	0.418	1.08815283629824e-188	SQSTM1
6.40344869508028e-193	0.277801193585692	0.337	0.168	2.34372625688633e-188	NSMCE3
6.17854188818889e-191	0.527892475670205	0.597	0.382	2.26140811649602e-186	CD69
1.79972574231389e-190	0.308690995559562	0.57	0.339	6.58717618944308e-186	ARL6IP5
5.65346122461391e-190	-0.679368291282478	0.412	0.494	2.06922334282094e-185	TUT4
6.04644885776032e-190	0.253751058461225	0.165	0.057	2.21306074642886e-185	MRPL10
6.11976584886367e-190	0.309463846825869	0.805	0.558	2.23989549834259e-185	MIF
2.01082131162521e-189	0.251454979330601	0.152	0.05	7.35980708267941e-185	RHOC
4.42121382490922e-189	-0.603282227492173	0.571	0.622	1.61820847205502e-184	BCL11B
5.44480976333337e-188	0.347049735822541	0.518	0.312	1.99285482147765e-183	FLT3LG
8.90182512101466e-187	0.277075049981161	0.444	0.246	3.25815701254258e-182	TMEM243
1.36979305200438e-186	0.303293069652413	0.457	0.257	5.01357954964122e-182	LIME1
2.04205244177713e-186	0.255524417775267	0.319	0.157	7.47411614214847e-182	TBCC
2.605224445537e-185	0.253898468520202	0.376	0.196	9.53538199310996e-181	LINC01138
2.27849741060664e-184	0.500977136813482	0.214	0.093	8.33952837256136e-180	CD8A
5.57615843894132e-184	-0.74664998042815	0.191	0.327	2.04092975023691e-179	DENND5A
7.2293468789371e-184	-0.648923592064017	0.034	0.139	2.64601325115977e-179	S100A12
1.10126445845092e-183	0.297828317614028	0.859	0.632	4.0307380443762e-179	COMMD6
1.59988472194413e-183	-0.489938801315183	0.702	0.69	5.8557380707877e-179	RAP1B
1.35180039785627e-182	0.312293618109478	0.225	0.097	4.94772463619375e-178	CITED2
6.54178121061924e-182	0.251714072953599	0.6	0.355	2.39435734089875e-177	UBXN1
2.1871773047917e-180	0.256721790197574	0.679	0.421	8.00528765326809e-176	NDUFA4
4.79920377252639e-180	0.270964045062565	0.975	0.913	1.75655657278239e-175	EEF1B2
1.37474476747745e-179	0.633614595394395	0.958	0.944	5.03170332344421e-175	VIM
4.33209497601631e-179	-0.572265213021586	0.621	0.644	1.58559008217173e-174	ABLIM1
4.52272489542491e-178	0.253576058650832	0.551	0.323	1.65536253897447e-173	ENO1
7.42125068413545e-178	0.328005266133617	0.521	0.313	2.71625196290042e-173	ANXA2
3.13023888914291e-177	-0.477326932473018	0.724	0.729	1.1456987358152e-172	FOXN3
4.79283928153246e-177	0.397356600675018	0.77	0.542	1.7542271054337e-172	SRSF7
7.62574371933147e-176	-0.495976035120256	0.709	0.679	2.79109845871251e-171	EIF3E
8.92981300205538e-176	0.251142799120741	0.692	0.432	3.26840085688229e-171	CNBP
4.94085640559697e-174	0.273231065389221	0.282	0.137	1.80840285301255e-169	CRIP2
9.61106686752408e-174	0.331462868055733	0.375	0.206	3.51774658418249e-169	GATA3
3.46836479903881e-173	-0.513962910512356	0.681	0.681	1.26945620009619e-168	CELF2
9.41956898348337e-172	-0.550220201522454	0.579	0.626	3.44765644364475e-167	ZSWIM6
5.2136765990923e-171	0.280312237056124	0.683	0.44	1.90825777203377e-166	CD48
5.67538370929873e-171	0.290448819248627	0.808	0.564	2.07724719144043e-166	PPDPF
6.38877501434082e-171	0.389627215533308	0.207	0.091	2.33835554299889e-166	CCR6
6.88367148586161e-171	-0.637142334930814	0.527	0.571	2.51949260054021e-166	RFX3
2.55109103227464e-170	-0.679629610876462	0.078	0.191	9.3372482872284e-166	GRAMD1B
1.88238573343026e-169	0.278576059176072	0.42	0.237	6.8897200229281e-165	PNP
2.46761300553695e-166	-0.613263269170219	0.5	0.543	9.0317103615658e-162	PAN3
5.94786535682403e-166	0.252990113650471	0.282	0.139	2.17697819925116e-161	AHI1
2.43871563636702e-164	-0.643911336206769	0.123	0.237	8.92594310066693e-160	USP3-AS1
2.75151420243536e-164	-0.705239566346537	0.349	0.437	1.00708171323337e-159	AC058791.1
3.7671504607217e-164	0.260601076920421	0.528	0.315	1.37881474012875e-159	CD81
3.53040679363748e-163	-0.388859893869749	0.829	0.816	1.29216419053925e-158	AKAP13
8.43499579285139e-163	-0.662775160058942	0.38	0.46	3.08729281014154e-158	RASSF3
2.01285343757772e-161	-0.554137146130071	0.15	0.286	7.36724486687823e-157	FCER1G
2.44692713032667e-161	0.41017841962239	0.225	0.105	8.95599798970864e-157	RGS1
1.67027249608983e-160	-0.647069906620967	0.03	0.121	6.11336436293839e-156	C15orf48
1.1490459078478e-159	-0.650057761037832	0.372	0.45	4.20562292731372e-155	GATAD2B
3.32612892352694e-159	-0.569165779711278	0.523	0.588	1.21739644730009e-154	CAMK4
1.51594751089691e-158	0.252158468434784	0.736	0.484	5.54851948463379e-154	RAN
1.63202258672717e-158	0.294253334187703	0.584	0.368	5.97336586968012e-154	YWHAQ
1.9554156875554e-158	-1.11036880736312	0.118	0.242	7.15701695802153e-154	IGKC
1.38231399017825e-157	-0.623154770900457	0.442	0.509	5.05940743545142e-153	NCOA3
1.83805803496927e-157	0.296975108720171	0.609	0.388	6.72747621379103e-153	TUBB4B
5.67935271055052e-157	-0.718919705080479	0.021	0.104	2.0786998855886e-152	THBS1
2.65877388986233e-156	0.281415852559852	0.166	0.066	9.73137831428512e-152	TNFRSF18
3.56189657204146e-156	-0.699324568444022	0.227	0.343	1.30368976433289e-151	EXT1
3.59251322695325e-155	-1.60194066402419	0.029	0.118	1.31489576619716e-150	IGHA1
4.22874041167455e-155	-0.66016172243771	0.071	0.172	1.547761278077e-150	LRRC75A
6.19129572728135e-154	-0.540579014435122	0.587	0.596	2.26607614914225e-149	CYTH1
1.38749573768082e-153	-0.485188288903254	0.7	0.692	5.07837314948558e-149	EML4
1.74646533070055e-153	-0.624582935140361	0.094	0.203	6.39223775689707e-149	PCBP3
2.64383311010258e-152	-0.639903013737832	0.436	0.496	9.67669356628645e-148	ELMO1
3.99941685408108e-152	0.467829073005886	0.746	0.598	1.46382656276222e-147	LTB
9.27681841494158e-152	0.289300608652324	0.763	0.538	3.39540830805277e-147	IDS
1.30157818319473e-150	-0.666472904075751	0.278	0.374	4.76390630831103e-146	ITPKB
5.2458113876604e-150	0.629555098210276	0.275	0.152	1.92001942599758e-145	GZMA
5.67220389978213e-150	0.393058186034973	0.18	0.077	2.07608334935926e-145	OASL
8.42696811214678e-150	-0.645360973274497	0.338	0.422	3.08435459872684e-145	KDM7A
1.60892633765893e-149	-0.638375223574602	0.072	0.181	5.88883128846545e-145	KYNU
2.02194149358246e-149	-0.610535027994113	0.428	0.485	7.40050806066118e-145	PPP6R3
2.16256911204002e-149	-0.574327577329482	0.51	0.551	7.91521920697766e-145	IKZF1
2.71750483549e-148	0.309278201750149	0.503	0.314	9.94633944837694e-144	GLIPR1
3.29047714359141e-148	0.294331723430428	0.153	0.06	1.20434753932589e-143	MATK
3.32565390265199e-148	-0.432203563885617	0.722	0.722	1.21722258490966e-143	LEPROTL1
8.96326805778722e-148	-0.547053680273157	0.532	0.574	3.2806457418307e-143	ADK
9.75291957849621e-148	0.262428919573169	0.824	0.6	3.5696660949254e-143	ATP5MC2
1.81497428047669e-147	-0.555056435841762	0.052	0.152	6.64298736397272e-143	ANPEP
6.78796625399247e-147	-0.602059867006563	0.441	0.505	2.48446352862378e-142	ITK
6.41080009752805e-146	0.379306166342273	0.638	0.416	2.34641694369624e-141	DNAJA1
1.0033421739144e-144	-0.495079999383464	0.672	0.668	3.67233269074409e-140	OSBPL8
3.62015241333071e-144	-0.609459957844007	0.391	0.466	1.32501198480317e-139	PICALM
1.15232678859931e-143	0.298216819753551	0.483	0.3	4.21763127895234e-139	ITGB1
1.56815353110603e-143	-0.636332224829699	0.043	0.134	5.73959873920118e-139	OLR1
4.41370431015531e-143	0.305241430038962	0.379	0.218	1.61545991455995e-138	TXN
9.23023157489998e-143	-0.614590735904899	0.416	0.476	3.37835705872914e-138	RAPGEF6
1.10424492703827e-142	-0.537649255785723	0.479	0.543	4.04164685745277e-138	NFAT5
2.36565096221499e-142	0.363341195770886	0.857	0.703	8.65851908680308e-138	ZFP36L2
1.35573191733987e-141	0.297428092064135	0.671	0.451	4.96211439065564e-137	DYNLL1
2.53861094548704e-141	-0.86494444883615	0.261	0.36	9.29156992157713e-137	NAMPT
2.47716269751826e-140	-0.440234374785041	0.639	0.669	9.06666318918657e-136	NFKB1
7.8392380744107e-140	-0.550310423820732	0.5	0.547	2.86923952761506e-135	DOCK10
8.16553275907356e-140	1.07198300639984	0.436	0.322	2.98866664514851e-135	CCL5
1.33948953858893e-139	0.338187043914737	0.377	0.221	4.90266566018933e-135	DDIT4
1.12299038152646e-137	-0.449750053877663	0.713	0.683	4.11025709542499e-133	ELF1
3.14866524702767e-137	0.312531345973115	0.678	0.458	1.1524429670646e-132	IER2
3.72500182304251e-137	-0.652445013776895	0.155	0.26	1.36338791725179e-132	DEAF1
1.59832882277628e-136	0.26323843837982	0.498	0.31	5.85004332424345e-132	PIM1
1.64914013732315e-136	-0.649602008045952	0.347	0.434	6.03601781661648e-132	PTPRJ
4.32421951965471e-136	-0.643574741568777	0.336	0.413	1.58270758638882e-131	MRTFA
4.96696618000223e-135	0.254234844938699	0.229	0.113	1.81795929154262e-130	APMAP
1.60306833830058e-134	-0.603933004855022	0.424	0.478	5.86739042501395e-130	PIP4K2A
4.97298161617819e-134	-0.494170928019966	0.367	0.465	1.82016100133738e-129	ARHGAP26
7.7613293127184e-134	-0.629419428329349	0.47	0.511	2.84072414174806e-129	MAP4K4
3.15517143533839e-133	-0.381468221043427	0.769	0.734	1.1548242970482e-128	RPS20
3.29487299232547e-133	-0.606022248579244	0.328	0.427	1.20595646392105e-128	FNDC3B
7.87257147712911e-133	-0.542443882727249	0.528	0.546	2.88143988634402e-128	WAC
3.66280785393187e-132	0.26722490294689	0.937	0.781	1.3406243026176e-127	DDX5
1.00468419591031e-131	0.365609708146214	0.164	0.072	3.67724462545131e-127	IL4I1
2.20034014623383e-130	0.32870188905482	0.263	0.14	8.05346496923045e-126	NEU1
5.56451187447451e-130	-0.683764990714259	0.068	0.163	2.03666699117642e-125	DOCK4
2.81640526148111e-128	-0.628058290510713	0.246	0.345	1.0308324897547e-123	TRPS1
1.06555033265682e-127	0.27009044009461	0.935	0.808	3.90002077255724e-123	TAGLN2
3.43047868100616e-127	0.252439245237048	0.904	0.735	1.25558950203506e-122	NPM1
2.17594881301427e-126	-0.4470423776251	0.058	0.146	7.96419025051354e-122	SNHG31
9.94977393232287e-126	-0.575134527031673	0.452	0.49	3.64171675696949e-121	LSM14A
7.58269150565255e-125	-0.586622734094974	0.365	0.439	2.77534091798389e-120	TBL1X
1.67296522340337e-124	-0.594247322717437	0.08	0.177	6.12322001417868e-120	SPI1
2.78006377231268e-124	0.294961005277463	0.989	0.936	1.01753114130416e-119	ACTB
3.5993508856283e-124	-0.618027523213208	0.247	0.337	1.31739841764881e-119	ZDHHC20
4.34061200460583e-123	-0.458679501139885	0.584	0.636	1.58870739980578e-118	LDLRAD4
2.44056110213199e-122	-0.683633404231166	0.296	0.384	8.93269768991329e-118	CUX1
1.26779941923428e-121	-0.43613767037851	0.712	0.712	4.64027265433937e-117	P2RY8
8.65740619778052e-121	-0.623809967588189	0.28	0.361	3.16869724244965e-116	TMEM245
2.23038602252748e-120	-0.60889151808512	0.351	0.421	8.16343588105282e-116	CLASP2
5.05145621298417e-120	0.333094491877535	0.501	0.328	1.84888348851433e-115	EFHD2
6.60960508835378e-120	0.275979364552276	0.121	0.047	2.41918155838837e-115	DUSP4
1.01844941379688e-119	-0.619640581413287	0.31	0.385	3.72762669943795e-115	FTX
1.03304717205815e-119	-0.555850876599385	0.424	0.475	3.78105595445004e-115	KMT2C
3.63996898108057e-119	-0.60229449077252	0.311	0.386	1.3322650467653e-114	MED13
4.89028802130495e-119	-0.585511665936201	0.411	0.459	1.78989431867782e-114	SETD2
2.09111795865288e-118	-0.524713180422797	0.56	0.571	7.65370084046541e-114	CDK17
2.38608872430455e-118	-0.639080855165869	0.282	0.366	8.73332333982709e-114	PELI1
1.1132174543532e-116	-0.428723737955819	0.059	0.149	4.07448720467815e-112	FCN1
1.84045597211512e-116	-0.304393983455241	0.182	0.313	6.73625290353857e-112	TYROBP
2.82749099674308e-116	-0.349825440405881	0.03	0.102	1.03488997971793e-111	ARMC9
3.59647715939489e-115	0.25140691577738	0.702	0.499	1.31634660511012e-110	C12orf57
5.73768919873479e-115	-0.493844114149015	0.492	0.542	2.10005162362892e-110	CBLB
1.10470963865888e-114	-0.57953461849595	0.054	0.137	4.04334774845538e-110	EPB41L3
2.20847975679117e-114	-0.562092504768665	0.471	0.5	8.08325675783137e-110	TAB2
2.91331652583858e-114	-0.762176333660613	0.338	0.405	1.06630298162218e-109	TIMP1
2.28975173183267e-113	0.262986207070849	0.618	0.42	8.38072031368076e-109	DUSP1
6.06908568935847e-113	-0.515233749922352	0.568	0.577	2.22134605316209e-108	RABGAP1L
2.20056789734626e-112	-0.604334064128039	0.247	0.332	8.05429856107706e-108	FBXL20
4.07377742586945e-112	-0.60630437745773	0.378	0.432	1.49104327564248e-107	SRPK2
4.85334192900091e-112	-0.560237989859077	0.355	0.417	1.77637167943362e-107	XIST
8.12033788745693e-112	-0.577031864067863	0.201	0.291	2.97212487018811e-107	SPTBN1
1.50274032382608e-111	0.255479892430591	0.664	0.461	5.50017985923583e-107	ISG20
1.67287076497498e-111	-0.582892770610506	0.325	0.394	6.12287428688492e-107	ATM
1.72723639430716e-111	-0.445161969503385	0.043	0.123	6.32185792680362e-107	CYP1B1
1.89156660859941e-111	-0.578861018314807	0.419	0.464	6.92332294413472e-107	FBXW7
6.82343616032539e-110	0.359282483531244	0.176	0.088	2.4974458690407e-105	CD8B
1.15214034610027e-108	-0.491774626881356	0.051	0.132	4.21694888076162e-104	CD300E
1.58933089100884e-108	-0.602591811175645	0.272	0.35	5.81710999418146e-104	ZMYM2
1.60666919151502e-108	-0.584402727672486	0.39	0.439	5.88056990786411e-104	TLK1
2.6907873586477e-108	-0.538918181038232	0.491	0.516	9.84855081138645e-104	KLF12
4.84896491840561e-108	-0.568893593636373	0.399	0.449	1.77476964978564e-103	RPS6KA5
1.61597246222502e-107	-0.47796705248534	0.065	0.15	5.91462080898979e-103	SLC11A1
2.1017530090891e-107	-0.370652384018194	0.14	0.24	7.692626188567e-103	AIF1
2.88960366512867e-107	-0.646468661420728	0.297	0.367	1.05762383747375e-102	HIF1A
7.58442289140766e-107	-0.563144256804341	0.42	0.46	2.77597462248412e-102	DYRK1A
1.10858544795357e-106	-0.459238479819591	0.487	0.537	4.05753359805485e-102	PIK3R5
2.15773774609322e-106	-0.498650702681515	0.502	0.53	7.89753592447578e-102	BAZ1A
4.65483063397362e-106	0.286156766256481	0.204	0.106	1.70371456034069e-101	PMAIP1
8.18628333506605e-106	-0.56394983885771	0.347	0.412	2.99626156346753e-101	ARID2
1.50493411584418e-105	-0.536007972718737	0.465	0.491	5.50820935740128e-101	BIRC6
3.19763677227326e-104	-0.492332914807134	0.575	0.57	1.17036703501974e-99	PPP1CB
1.56433967670066e-103	-0.492835367525189	0.551	0.557	5.7256396506921e-99	STAG1
2.24018555948726e-103	-0.557995265000389	0.371	0.432	8.19930316627934e-99	NCOA1
4.58787207607139e-103	0.365940940381682	0.293	0.179	1.67920705856289e-98	YBX3
2.31374437897716e-102	-0.560604370657208	0.139	0.226	8.4685358014943e-98	MAN1C1
2.49918762479576e-101	-0.545093282383882	0.387	0.444	9.14727662551496e-97	PDE7A
1.11372136938839e-99	-0.519507631976538	0.516	0.523	4.07633158409845e-95	ANKRD44
2.45712604091929e-99	-0.519671330088179	0.162	0.254	8.9933270223687e-95	TXK
3.37155006707051e-99	0.445229083000458	0.283	0.172	1.23402104004848e-94	ID3
6.93493239306121e-99	0.434762311745902	0.763	0.628	2.53825460518433e-94	KLF2
1.42549030477321e-98	-0.458866786478422	0.572	0.569	5.21743706450044e-94	PHF20
1.43214398579714e-98	-0.56656064633635	0.405	0.451	5.24179020241612e-94	AFF1
2.98950222133164e-98	-0.464306753950492	0.609	0.595	1.09418770802959e-93	SEPTIN6
6.28658896841514e-98	0.436293536320132	0.812	0.751	2.30095442832963e-93	S100A11
2.12691780428601e-97	-0.501753984534243	0.541	0.543	7.78473185546723e-93	DOCK8
1.02756156546361e-96	-0.486296371428582	0.548	0.552	3.76097808575335e-92	ESYT2
1.14702361234459e-96	0.32187061660203	0.563	0.401	4.19822112354242e-92	CD7
3.25349457263549e-96	-0.357373020797748	0.769	0.719	1.19081154853031e-91	ARID4B
4.75899252112048e-96	-0.58465742250351	0.297	0.366	1.74183885265531e-91	PIK3CD
7.85743897648642e-96	0.290202949976678	0.66	0.498	2.8759012397838e-91	GPR183
1.29279685324676e-95	-0.543046492115458	0.218	0.299	4.73176576256846e-91	IL6ST
2.13555671309256e-95	-0.548123763596833	0.391	0.431	7.81635112559008e-91	GLG1
3.15428937734671e-95	-0.55598195747931	0.358	0.433	1.15450145500267e-90	DLEU2
5.58795032753941e-95	-0.542954057684497	0.343	0.401	2.0452456993827e-90	ERBIN
8.95244979139905e-95	-0.53817485540239	0.41	0.445	3.27668614814997e-90	CELF1
2.80646204629732e-94	-0.490416856175133	0.53	0.532	1.02719317356528e-89	ARIH1
6.38061480888924e-94	-0.48181596106904	0.519	0.541	2.33536882620155e-89	RNF125
7.10191601413849e-94	0.417184369656124	0.338	0.218	2.59937228033483e-89	APOBEC3G
6.88101935848739e-93	-0.46570823132084	0.578	0.563	2.51852189539997e-88	KANSL1
4.29629842608646e-92	-0.530109415084189	0.431	0.461	1.57248818693191e-87	ANKRD17
3.79135972729746e-90	-0.438283755165531	0.582	0.574	1.38767557378814e-85	ANKRD11
2.60733452183585e-89	0.267133655726477	0.752	0.596	9.5431050833714e-85	TNFAIP3
8.03439620115886e-89	0.28822598147704	0.829	0.687	2.94066935358616e-84	EZR
9.32041325168552e-88	-0.263173718959716	0.921	0.871	3.41136445424942e-83	PTPRC
1.05187326577397e-87	-0.526262403210724	0.284	0.354	3.84996134005932e-83	ASAP1
1.40289732262353e-87	-0.277685116463311	0.889	0.849	5.13474449053437e-83	LRRFIP1
1.68790361059775e-87	-0.532880476483687	0.227	0.307	6.17789600514882e-83	NUMB
3.67298104418177e-87	-0.54888945500403	0.238	0.311	1.34434779198097e-82	SLC12A6
6.45174114357226e-87	-0.566728047788267	0.363	0.41	2.36140177595888e-82	RAPGEF2
7.31441292083396e-87	-0.431017425924076	0.065	0.135	2.67714827315444e-82	AC073167.1
8.69995569994953e-86	-0.548342415877323	0.068	0.141	3.18427078573853e-81	MARCKS
1.11133315912546e-85	-0.453543248609085	0.551	0.545	4.0675904957151e-81	NIPBL
4.63347966704298e-85	-0.55003898964506	0.193	0.267	1.6958998929344e-80	STIM1
6.22526095174798e-85	-0.463601240491962	0.564	0.562	2.27850776094928e-80	ZBTB20
2.0313276602446e-84	-0.520041654855318	0.523	0.523	7.43486236926127e-80	HNRNPH1
3.24731251583749e-84	-0.560940769503768	0.316	0.374	1.18854885392168e-79	MAPK8
1.05136851705556e-83	-0.527460226575049	0.266	0.334	3.84811390927505e-79	DOCK9
1.24515203788661e-83	-0.514097958545637	0.4	0.439	4.55738097386877e-79	SOS2
5.97618151565933e-83	-0.4799156232185	0.545	0.533	2.18734219654647e-78	RAP1A
1.24234901750014e-82	0.28375304356636	0.612	0.465	4.54712163895225e-78	GIMAP7
1.4399641735744e-82	-0.410812924476689	0.629	0.605	5.27041287169965e-78	APBB1IP
9.72721857992397e-82	-0.542435990717801	0.165	0.243	3.56025927243797e-77	ATP13A3
3.1311525434945e-81	-0.544326267045308	0.274	0.336	1.14603314244442e-76	UBE2H
5.41227309414867e-81	-0.500495357611293	0.112	0.185	1.98094607518935e-76	AP000787.1
6.33849566424226e-81	-0.394858066211418	0.054	0.118	2.31995279806931e-76	ABHD15-AS1
4.33490108142859e-79	-0.54906922364321	0.105	0.177	1.58661714481368e-74	BCL2A1
1.54790700714949e-78	-0.507864502536785	0.114	0.19	5.66549443686784e-74	TYMP
2.45660391026219e-78	-0.499981049189329	0.405	0.436	8.99141597195063e-74	ITCH
7.65708763404648e-78	-0.464414824488688	0.456	0.487	2.80257064493735e-73	TNIK
8.82079771169321e-78	-0.505288866304459	0.376	0.415	3.22850017045683e-73	MGAT4A
1.82041202508872e-77	-0.535635534098837	0.279	0.34	6.66289005302724e-73	RPRD2
8.80369895753046e-77	-0.506938382965498	0.309	0.372	3.22224185544572e-72	MYO9B
1.34649541236732e-76	-0.532152410912054	0.255	0.317	4.92830785880561e-72	MAP3K1
2.10347183452262e-76	-0.44758161240834	0.05	0.111	7.69891726153623e-72	ABCA1
3.40382621151177e-76	-0.436374557785529	0.556	0.557	1.24583443167542e-71	AC016831.7
1.39838831359892e-75	-0.53451461424515	0.332	0.375	5.11824106660341e-71	LRCH3
1.65276422871959e-75	-0.500036845447989	0.374	0.416	6.04928235353656e-71	ERC1
2.38543269777651e-75	-0.539800598648773	0.355	0.397	8.73092221713179e-71	SAMHD1
5.79651442839725e-75	-0.483435263607642	0.454	0.468	2.12158224593768e-70	USP34
7.44185611279849e-75	-0.480373889874659	0.451	0.478	2.72379375584538e-70	PRKCA
1.23730344492867e-74	-0.466848648558843	0.493	0.501	4.52865433878342e-70	TRAF3
1.65196858690652e-74	-0.386494456212778	0.631	0.607	6.04637022493657e-70	NDFIP1
2.34071039008819e-74	-0.505572436888879	0.373	0.418	8.5672340987618e-70	CEMIP2
5.08672965041664e-74	-0.446715938580755	0.115	0.186	1.86179391934899e-69	LINC01891
1.55559470709477e-73	-0.409319597579561	0.571	0.559	5.69363218743757e-69	RNF149
3.2320713127107e-73	-0.536707887561291	0.086	0.155	1.18297042116524e-68	BASP1
3.6203086458912e-73	-0.502724929221066	0.404	0.431	1.32506916748264e-68	RBM6
3.90984051598724e-73	-0.514340497930993	0.344	0.385	1.43104072725649e-68	RNF38
1.89961217302599e-72	-0.415130094944043	0.093	0.167	6.95277051449241e-68	C1orf21
2.39620531194162e-72	-0.500019850978975	0.167	0.237	8.77035106223752e-68	SFMBT2
5.23090106251802e-72	-0.520428247381165	0.336	0.38	1.91456209789222e-67	CTNNB1
9.02689593714664e-72	-0.306429794349646	0.05	0.112	3.30393418195504e-67	PID1
1.25826522270802e-71	-0.443895405968222	0.097	0.164	4.60537654163363e-67	AP001011.1
1.51168026440659e-71	-0.497739908600273	0.32	0.375	5.53290093575456e-67	ETV6
1.98095185107516e-71	-0.488078711297499	0.447	0.454	7.2504818701202e-67	DDX6
2.08946335889973e-71	-0.498678585368313	0.376	0.412	7.64764483990889e-67	CCM2
3.3466820152531e-71	-0.400468106416124	0.604	0.575	1.22491908440279e-66	EPC1
3.44234720771155e-71	-0.544404945394596	0.328	0.374	1.2599335014945e-66	RABGEF1
7.00767249534083e-71	-0.496182769685323	0.408	0.436	2.5648782100197e-66	MPP7
1.182540517501e-70	-0.408841843626922	0.088	0.154	4.32821654810541e-66	AC010609.1
1.32092127228406e-70	-0.50050768299804	0.408	0.433	4.83470394868689e-66	LRBA
3.83294917993768e-70	-0.544085028319638	0.281	0.343	1.40289772934899e-65	NELL2
6.31958075175325e-70	-0.414410930655339	0.093	0.16	2.31302975094921e-65	EPSTI1
9.04222217956953e-70	-0.495414100145418	0.19	0.257	3.30954373994425e-65	RFFL
1.12328097337279e-69	-0.561044070809774	0.322	0.368	4.11132069064176e-65	SSBP2
1.23803078174517e-69	-0.415742201195612	0.116	0.184	4.5313164642655e-65	AC068724.3
2.5157407960691e-69	-0.507880764643589	0.179	0.246	9.20786288769252e-65	ZNF609
5.57436593691415e-69	-0.450172508621074	0.499	0.503	2.04027367656995e-64	BPTF
9.39341472953712e-69	-0.485049446099173	0.416	0.44	3.43808372515788e-64	LRRC8C
2.91256404118189e-68	-0.515891088852239	0.341	0.379	1.06602756471298e-63	SP3
4.65308838893635e-68	-0.332806984115241	0.054	0.115	1.70307688123459e-63	C5AR1
9.86757037349877e-68	-0.51389071910579	0.348	0.385	3.61162943240428e-63	ZNF148
1.06285551065031e-67	-0.491647500325545	0.305	0.356	3.89015745453121e-63	PSEN1
4.44380629047905e-67	-0.281515093382407	0.807	0.761	1.62647754037824e-62	FAM107B
7.13179337839473e-67	-0.478513753098359	0.285	0.345	2.61030769442625e-62	CSGALNACT1
8.0337482643903e-66	-0.444247236103169	0.512	0.504	2.94043220224949e-61	GNB1
1.11485727280668e-65	-0.467738036053142	0.437	0.45	4.08048910419972e-61	STK38
2.39212084145469e-65	0.37887864054952	0.329	0.23	8.75540149180832e-61	CST7
3.22592981921785e-65	-0.382131211069731	0.621	0.589	1.18072257313193e-60	FAM49B
3.42950869403551e-65	-0.504124004737777	0.4	0.418	1.25523447710394e-60	UBE2K
1.27041739407705e-64	-0.392412750449198	0.046	0.101	4.64985470406141e-60	VCAN
1.52665510892885e-64	-0.444177851989228	0.504	0.507	5.58771036419048e-60	RBMS1
3.63493315633187e-64	-0.508514263423761	0.244	0.304	1.33042188454903e-59	RERE
6.84620379368273e-64	-0.476886163252802	0.408	0.436	2.50577905052582e-59	RAPGEF1
7.65572005604665e-64	-0.511027437554444	0.277	0.328	2.80207009771363e-59	TBL1XR1
5.20799260979206e-63	-0.483843775674694	0.393	0.414	1.90617737510999e-58	PDS5A
8.63737487221178e-63	-0.405149896325211	0.566	0.552	3.16136557697823e-58	CLEC2D
3.34894972262658e-62	-0.489917256202187	0.287	0.336	1.22574908797856e-57	HIVEP1
5.23499828180183e-62	-0.384024761750408	0.099	0.162	1.91606172112229e-57	ATP10A
5.5703403243618e-62	-0.495526564618633	0.111	0.176	2.03880026211966e-57	LUCAT1
2.46549836368116e-61	-0.513528786027295	0.278	0.327	9.02397056090942e-57	MGAT5
3.25182574410079e-61	-0.501882176860825	0.261	0.313	1.19020074059833e-56	NFATC3
9.07337805775192e-61	-0.470859408461223	0.405	0.429	3.32094710291778e-56	RFTN1
1.1076756053474e-60	-0.492890080570898	0.255	0.308	4.05420348313203e-56	DIP2B
4.56444666359947e-60	-0.386054567701233	0.625	0.574	1.67063312334404e-55	N4BP2L2
5.18460506224244e-60	-0.437244993421979	0.53	0.52	1.89761729883136e-55	PARP8
8.21609330408199e-60	-0.49037594574443	0.276	0.325	3.00717231022705e-55	AGTPBP1
9.8210758970387e-60	-0.435360785384874	0.463	0.473	3.59461198907514e-55	UTRN
1.42990792978484e-59	-0.482001355893266	0.226	0.282	5.23360601380549e-55	PTBP2
2.88184114750629e-59	-0.467342332225442	0.408	0.424	1.05478267839878e-54	CUL3
3.25195134774066e-59	-0.477829806976661	0.393	0.417	1.19024671278656e-54	TAOK3
1.70718267719219e-58	-0.295515560490644	0.686	0.672	6.24845931679114e-54	CAMK1D
2.64399098002664e-58	-0.354489397576767	0.064	0.119	9.6772713859955e-54	KIAA1958
2.93708563299252e-58	-0.470604323815848	0.165	0.229	1.07500271253159e-53	SAMD3
5.0961342520505e-58	-0.472931165282303	0.401	0.419	1.865236097593e-53	ABCC1
1.38282540272857e-57	-0.566916143334967	0.144	0.206	5.06127925652685e-53	PPIF
1.79407866089808e-57	-0.486934388187758	0.318	0.355	6.56650730675308e-53	CDKAL1
2.69798492503816e-57	-0.514183368998764	0.267	0.316	9.87489462413216e-53	IMMP2L
4.71966954321068e-57	-0.463159498556234	0.406	0.421	1.72744624951054e-52	MKLN1
5.24932212388809e-57	-0.477143665305029	0.343	0.374	1.92130439056428e-52	ADD3
1.59606085789899e-56	-0.443547602919007	0.468	0.469	5.84174234599608e-52	USP47
1.68697225344787e-56	-0.454362471172176	0.428	0.434	6.17448714484456e-52	GPATCH8
5.05258017302969e-56	-0.292252732012192	0.055	0.108	1.8492948691306e-51	MS4A7
6.84154653064675e-56	0.471275699268894	0.506	0.423	2.50407444568202e-51	TRBC1
3.21009603482004e-55	-0.428252895466489	0.415	0.438	1.17492724970448e-50	SNX9
7.99145732777144e-55	-0.460585831850406	0.362	0.387	2.92495329653762e-50	MARK3
2.10527908691673e-54	-0.472981792643781	0.394	0.41	7.70553198602393e-50	SMURF2
2.32648543924841e-54	-0.359208823894216	0.63	0.586	8.51516935619309e-50	STK17A
3.90132905804412e-54	-0.331170184806667	0.066	0.118	1.42792544853473e-49	AC079793.1
4.11492148498554e-54	-0.324024217594999	0.672	0.623	1.50610241271956e-49	PDCD4
4.5604487544974e-54	-0.464111409775849	0.374	0.407	1.66916984863359e-49	ELL2
6.183351208565e-54	-0.486066405930153	0.284	0.325	2.26316837584687e-49	SPPL3
4.59596931849096e-53	-0.472634424553214	0.319	0.351	1.68217073026087e-48	USP9X
2.85768407622705e-52	-0.469321908358975	0.403	0.415	1.04594094873986e-47	TTC3
3.10337619832394e-52	-0.502196124208319	0.291	0.33	1.13586672234855e-47	ZCCHC7
7.27472814028579e-52	-0.395131307022397	0.182	0.25	2.662623246626e-47	LYN
1.10798925224608e-51	-0.441820309289003	0.274	0.32	4.05535146214587e-47	SCML4
1.60500700854395e-51	-0.486791681365325	0.363	0.387	5.87448615197172e-47	SOS1
1.62018856550653e-51	-0.463183640759947	0.35	0.377	5.93005216861044e-47	RAB10
8.68627900600115e-51	-0.467542311742457	0.345	0.371	3.17926497898648e-46	ATF7IP
1.05721806133559e-50	-0.333808623544228	0.06	0.11	3.86952382629439e-46	AL589693.1
1.31314799977184e-50	-0.461146838956944	0.225	0.274	4.8062529939649e-46	PRORP
1.76333849938623e-50	-0.467367153368344	0.307	0.344	6.45399524160354e-46	CLASP1
2.27815842741189e-50	-0.414747795931312	0.094	0.151	8.33828766017027e-46	SLC43A2
3.746803403363e-50	-0.347187141439716	0.646	0.587	1.37136751366489e-45	HNRNPC
6.15086648834964e-50	-0.474450588375662	0.309	0.342	2.25127864340085e-45	INPP4A
7.45996797804555e-50	-0.45491434600933	0.184	0.237	2.73042287964445e-45	FKBP5
7.51367155380655e-50	-0.286388874541565	0.754	0.679	2.75007892540874e-45	KMT2E
2.67934692068422e-49	-0.377624062532723	0.526	0.511	9.80667766439632e-45	MAP3K2
3.510341128893e-49	-0.312905727332431	0.06	0.108	1.28481995658613e-44	SLC22A23
4.33198722300018e-49	-0.458807072768702	0.317	0.348	1.58555064349029e-44	SLMAP
6.13658119158533e-49	-0.380859637781799	0.148	0.206	2.24605008193215e-44	AC119396.1
6.77659385239617e-49	-0.353504322119951	0.091	0.143	2.48030111591552e-44	KLF7
1.47097229377854e-48	-0.254762013132898	0.659	0.659	5.38390569245882e-44	STAT4
1.53837781247616e-48	-0.459100626606272	0.416	0.417	5.63061663144398e-44	PUM2
1.72631374292571e-48	-0.573899884651504	0.172	0.226	6.3184809304824e-44	PLAUR
3.50589919655194e-48	-0.451438019706512	0.241	0.29	1.28319416492998e-43	BCAS3
4.07576841546061e-48	-0.447075689794417	0.434	0.435	1.49177199774274e-43	CDK13
8.34442619761024e-48	-0.455057898941626	0.264	0.306	3.05414343258733e-43	NCOA2
1.34914414151525e-47	-0.449028655057872	0.273	0.312	4.93800247235998e-43	SEC24B
2.2981476768815e-47	-0.450492588158307	0.326	0.355	8.41145031215396e-43	UBR1
3.56510871624636e-47	-0.421408996286523	0.15	0.203	1.30486544123333e-42	RBL1
3.96795493396442e-47	-0.401924009446094	0.158	0.213	1.45231118538032e-42	FAM117B
6.61131659263326e-47	-0.463163210139526	0.323	0.349	2.4198079860697e-42	CAB39
7.4659166292392e-47	-0.462780706553011	0.366	0.384	2.73260014546784e-42	KIF2A
8.52317933615328e-47	-0.464417063505814	0.404	0.409	3.11956886882546e-42	RAB11A
2.90321697048225e-46	-0.434065675598155	0.195	0.247	1.06260644336621e-41	PKIA
3.44877433138155e-46	-0.400002601451286	0.059	0.106	1.26228589302896e-41	TCF4
3.60917371984982e-46	-0.449350531638254	0.223	0.27	1.32099367320223e-41	SMG6
7.0997142690922e-46	-0.421191714572544	0.195	0.245	2.59856641963044e-41	CRTC3
1.48463024379624e-45	-0.444904570511278	0.355	0.376	5.43389515531864e-41	SORL1
2.15442485982997e-44	-0.435056884762925	0.383	0.394	7.88541042946366e-40	PUM1
2.83530280936769e-44	-0.416748186973456	0.399	0.41	1.03774918125667e-39	PPP3CC
6.93285158903761e-44	-0.457022369512423	0.182	0.229	2.53749301010365e-39	UBE2E1
1.15095055965108e-43	-0.418015893802313	0.417	0.419	4.21259414337894e-39	CREBBP
1.24623663030711e-43	-0.425967711550118	0.407	0.412	4.56135069058704e-39	COP1
1.32401829805371e-43	-0.391041833520852	0.335	0.37	4.84603937270638e-39	CARD11
1.47629938876498e-43	-0.463703016528491	0.111	0.161	5.40340339281869e-39	IRAK2
1.63042011712591e-43	-0.43285370811261	0.368	0.383	5.96750067069255e-39	RICTOR
1.80525410656033e-43	-0.457402968308471	0.288	0.32	6.60741055542148e-39	GBF1
2.35767039262189e-43	-0.439565829775593	0.254	0.293	8.62930940403537e-39	UBR5
1.78382597432478e-42	-0.320232765002899	0.065	0.11	6.52898144862614e-38	TPST1
2.45997386863312e-42	-0.40390525787304	0.437	0.442	9.00375035658407e-38	LINC00513
3.44464936651385e-42	-0.348287091341045	0.576	0.56	1.26077611463774e-37	ATXN1
3.6447141246855e-42	-0.375827069133156	0.518	0.495	1.33400181677614e-37	AAK1
7.68316724336316e-42	-0.427673981766888	0.205	0.25	2.81211604274335e-37	FAM222B
1.16462966464673e-41	-0.357590193962099	0.558	0.523	4.2626610355735e-37	PAFAH1B1
1.44714594087817e-41	-0.326859938145096	0.074	0.119	5.29669885820821e-37	AL157402.2
1.6351634649573e-41	-0.347898374035641	0.204	0.256	5.98486179809023e-37	HIPK2
2.62590467021103e-41	-0.428829729539449	0.233	0.273	9.61107368343939e-37	SLC30A7
2.97525775211737e-41	-0.442207045707242	0.274	0.308	1.08897408985248e-36	TAOK1
3.23686973614972e-41	-0.426969006566768	0.365	0.383	1.18472669212816e-36	ELF2
3.4776763842049e-41	-0.436030469580133	0.333	0.357	1.27286433338283e-36	IKZF3
5.28242858323253e-41	-0.424630462996711	0.138	0.187	1.93342168574894e-36	B4GALT5
5.93357991743841e-41	-0.480431511545953	0.423	0.418	2.17174958558163e-36	CDC42SE1
9.02581337404884e-41	-0.336471558554044	0.072	0.116	3.30353795303562e-36	SLC16A10
9.42139877805903e-41	-0.41530471598253	0.435	0.432	3.44832616675738e-36	CCNY
9.93607230403003e-41	-0.434906690775528	0.315	0.344	3.63670182399803e-36	TCF12
1.97000692953945e-40	-0.430177432119262	0.262	0.296	7.21042236280733e-36	PPM1B
2.13848817130824e-40	-0.427507722341131	0.222	0.266	7.82708055580529e-36	FER
2.40703015356351e-40	-0.428133102014122	0.104	0.152	8.80997106505782e-36	FAM49A
7.62764954968598e-40	-0.417068489610508	0.21	0.26	2.79179601168057e-35	MAP3K8
1.02975143961426e-39	-0.420359947121061	0.294	0.325	3.76899324413214e-35	SREBF2
1.22764582517874e-39	-0.429736860632558	0.331	0.358	4.49330648473669e-35	QKI
1.30308199895576e-39	-0.420498103041289	0.165	0.21	4.76941042437797e-35	LRRC8D
1.30338092359728e-39	-0.324554036628013	0.096	0.143	4.77050451845842e-35	IPCEF1
2.26185905117043e-39	-0.440088097938423	0.254	0.287	8.2786303131889e-35	DOCK11
2.55009740730323e-39	-0.275506852592784	0.063	0.105	9.33361152047056e-35	AC092338.3
3.1224965487296e-39	-0.312007932823045	0.726	0.643	1.14286496180052e-34	MT-ND5
3.34128252015757e-39	-0.409646510548212	0.331	0.365	1.22294281520287e-34	LIMS1
8.17153159394111e-39	-0.445766261302152	0.191	0.237	2.99086227869839e-34	FOXO3
8.99282056602735e-39	-0.407318616381999	0.165	0.21	3.29146225537167e-34	MTMR3
1.32485810793338e-38	-0.462483528785484	0.226	0.268	4.84911316084698e-34	GAB2
2.81132026295672e-38	-0.439718548666503	0.264	0.296	1.02897132944479e-33	ATXN2
3.15820282673407e-38	-0.41086599006068	0.19	0.234	1.15593381661294e-33	LCLAT1
8.65032508202378e-38	-0.41693373211172	0.242	0.28	3.16610548327152e-33	MXI1
1.28425532664847e-37	-0.416420839935117	0.212	0.253	4.70050292106607e-33	PHACTR4
1.81660938941996e-37	-0.401286333535258	0.372	0.386	6.64897202621598e-33	CSGALNACT2
2.99854191926163e-37	-0.433252793526582	0.22	0.257	1.09749632786895e-32	TENT4B
3.32334470306624e-37	-0.412221481524481	0.249	0.283	1.21637739476927e-32	BRWD1
9.74161544154188e-37	-0.404320067457574	0.361	0.38	3.56552866775874e-32	ARHGEF3
1.11860721102078e-36	-0.420043839669044	0.174	0.216	4.09421425305715e-32	PHF21A
1.18911801329394e-36	-0.401468249862567	0.196	0.238	4.35229084045717e-32	SFI1
1.47848951490989e-36	-0.424593063565531	0.314	0.334	5.4114194735217e-32	HELZ
1.71942919755372e-36	-0.37915310611259	0.523	0.488	6.29328280596639e-32	MCUB
1.80208848208591e-36	-0.433676519938517	0.209	0.251	6.59582405328265e-32	PRKCE
1.85379535135594e-36	-0.323510195531893	0.096	0.14	6.78507636549787e-32	APBA2
2.96800393384992e-36	-0.286391383128441	0.665	0.625	1.08631911982841e-31	SYNE2
4.07699844328599e-36	-0.394341288447745	0.164	0.207	1.49222220022711e-31	FOXK2
4.49554808290815e-36	-0.428836761511332	0.308	0.328	1.64541555382521e-31	SMARCC1
4.61866093796281e-36	-0.409391645094642	0.452	0.436	1.69047608990377e-31	PIAS1
7.37391741116381e-36	-0.413525610254634	0.309	0.334	2.69892751166007e-31	ITPR2
7.96165196480112e-36	-0.429454627728517	0.307	0.329	2.91404423563686e-31	ZNF638
9.74776966034481e-36	-0.43562104190102	0.3	0.322	3.5677811733828e-31	TENT2
1.14098338037613e-35	-0.451721953541168	0.298	0.32	4.17611327051469e-31	MAP2K1
1.33108392380839e-35	-0.411880429367629	0.376	0.383	4.87190026953111e-31	UBR2
1.33501763461598e-35	-0.409376102577542	0.374	0.378	4.88629804445794e-31	TNRC6A
1.41847654580136e-35	-0.409329517978446	0.318	0.342	5.19176600528755e-31	GATAD2A
2.03443630031587e-35	-0.425811790157723	0.284	0.316	7.4462403027861e-31	ANK3
2.31753637066826e-35	-0.375985376824377	0.141	0.185	8.4824148702829e-31	ATXN7L1
2.42508221177705e-35	-0.409336153803751	0.384	0.396	8.87604340332518e-31	INPP5D
2.87370351496617e-35	-0.294217939713063	0.087	0.133	1.05180422351277e-30	RAB31
1.02422046548158e-34	-0.398597070862965	0.195	0.234	3.74874932570914e-30	MAN2A1
1.97813073109619e-34	-0.414654889556752	0.194	0.233	7.24015628888516e-30	ATF6
2.24029559649616e-34	-0.422544528398737	0.328	0.344	8.19970591273561e-30	VPS13B
2.41659092910835e-34	-0.3824636111346	0.148	0.19	8.84496445962946e-30	MBTD1
2.63508354845767e-34	-0.382990278553046	0.405	0.407	9.64466929570991e-30	ANKH
2.66216915722635e-34	-0.371910477089441	0.459	0.445	9.74380533236417e-30	AGO2
3.87615404442789e-34	-0.39434690409224	0.145	0.188	1.41871114180105e-29	PTPN12
4.01555331235934e-34	-0.397705070055768	0.374	0.381	1.46973266785664e-29	SETD5
4.1816553469429e-34	-0.404087508526272	0.212	0.252	1.53052767353457e-29	DIPK1A
7.59286293097482e-34	-0.387972474382197	0.421	0.415	2.77906376136609e-29	RNF168
1.55493829491865e-33	-0.400027384799036	0.362	0.37	5.69122965323175e-29	AGO3
1.58518641107296e-33	-0.299395754659846	0.085	0.126	5.80194078316816e-29	DNAJC15
1.68248263229141e-33	-0.328507448133103	0.52	0.507	6.15805468244979e-29	SYTL3
2.58584745987609e-33	-0.403111382926339	0.37	0.377	9.46446028789249e-29	CRYBG1
2.85758100046176e-33	-0.426241013106404	0.278	0.305	1.04590322197901e-28	GRAP2
3.64689871509624e-33	-0.404871850770992	0.407	0.403	1.33480139871238e-28	ZNF292
3.71185858227762e-33	-0.358810565577931	0.152	0.197	1.35857735969943e-28	MARCH3
5.89336713888581e-33	-0.411873810224674	0.355	0.365	2.15703130650359e-28	TNRC6C
1.8197638589065e-32	-0.336742487918092	0.109	0.151	6.66051769998367e-28	VAV1
4.39597795986727e-32	-0.411392875534183	0.324	0.348	1.60897189309102e-27	SMYD3
6.80363144238579e-32	-0.406637030804267	0.324	0.34	2.49019714422762e-27	KAT6B
9.70971221817321e-32	-0.339994958444594	0.54	0.519	3.55385176897358e-27	RORA
1.20812403770746e-31	-0.345480238732634	0.522	0.494	4.42185479041308e-27	SH3KBP1
1.70799436872603e-31	-0.396025880504291	0.255	0.283	6.25143018897414e-27	NUP153
1.74433684568906e-31	-0.390492830776006	0.234	0.266	6.38444728890652e-27	SATB1
1.98535129634334e-31	-0.323713412957854	0.613	0.549	7.26658427974626e-27	USP15
2.2662454171211e-31	-0.33223963923481	0.104	0.144	8.29468485120494e-27	BMP2K
2.6530282019188e-31	-0.270088557366692	0.649	0.614	9.710348521843e-27	RHOH
2.72037275996618e-31	-0.373999128980061	0.435	0.428	9.95683633875221e-27	STK10
6.42635758065224e-31	-0.392209894032247	0.27	0.3	2.35211113809453e-26	LCP2
8.21980937076504e-31	-0.417709516944653	0.356	0.361	3.00853242779371e-26	FRYL
1.17252704512559e-30	-0.372661445601711	0.148	0.189	4.29156623786417e-26	PASK
1.56967178193962e-30	0.421563118553633	0.175	0.23	5.74515568907722e-26	CCL4
1.65365275937533e-30	-0.425885368389985	0.345	0.36	6.05253446458966e-26	CHST11
4.28150528264019e-30	-0.390898952906471	0.383	0.381	1.56707374849914e-25	TMOD3
4.99712889761453e-30	-0.352443417687055	0.182	0.226	1.8289991478159e-25	RIN3
5.36847182494159e-30	-0.377447753171884	0.351	0.363	1.96491437264687e-25	UBE2R2
6.75845167628335e-30	-0.254826188564794	0.068	0.104	2.47366089803647e-25	PCSK5
1.02986889780414e-29	-0.295579065157491	0.633	0.57	3.76942315285295e-25	SLC38A1
1.18368929369154e-29	-0.401708220998552	0.259	0.284	4.33242118384039e-25	TASOR2
1.4183532002745e-29	-0.392282319964806	0.163	0.201	5.19131454832471e-25	IFNGR2
1.51111441857161e-29	-0.39679112866842	0.42	0.408	5.53082988341396e-25	WNK1
1.73755322608888e-29	-0.325237983876538	0.6	0.531	6.35961856280791e-25	UBE2D2
3.46413128344132e-29	-0.402665800284003	0.361	0.363	1.26790669105236e-24	TAF15
4.25604567082547e-29	-0.378517687957819	0.174	0.21	1.55775527597883e-24	TET3
8.67955712328265e-29	-0.384811868481251	0.236	0.267	3.17680470269268e-24	GNB5
1.47003756564875e-28	-0.291324219208353	0.083	0.12	5.380484494031e-24	GPR155
1.82804951569647e-28	-0.409323246867631	0.333	0.342	6.69084403240065e-24	TRPM7
1.84047457526251e-28	-0.308133631256766	0.273	0.308	6.73632099291831e-24	SELL
1.85117590746068e-28	-0.391865827294611	0.253	0.279	6.77548893889685e-24	LNPEP
3.0404359084389e-28	-0.425285397755281	0.109	0.146	1.11282994684772e-23	SLC25A37
4.07230005936822e-28	-0.384287563290632	0.369	0.379	1.49050254472936e-23	CMIP
8.15479852953085e-28	-0.363761445661606	0.174	0.209	2.98473780979359e-23	PRKACB
8.7220080771617e-28	-0.333934887415419	0.456	0.45	3.19234217632195e-23	SLCO3A1
2.26730670128098e-27	-0.391758550944578	0.282	0.303	8.2985692573585e-23	RASGRP1
2.33462864931563e-27	-0.378963004775588	0.217	0.248	8.54497431936013e-23	MSI2
2.53536957674438e-27	-0.387345714778527	0.219	0.251	9.27970618784211e-23	BMPR2
2.75406917275434e-27	-0.351750290197211	0.199	0.233	1.00801685791982e-22	RNF138
3.37782446581066e-27	-0.395166468796547	0.243	0.269	1.23631753273136e-22	PIK3CA
8.42155222305765e-27	-0.280267400540527	0.127	0.165	3.08237232916133e-22	ACTN1
1.74132614770831e-26	-0.37275479153983	0.199	0.23	6.37342783322717e-22	SNX25
1.98543761460364e-26	-0.390946647856847	0.197	0.229	7.26690021321079e-22	TET2
2.16803248261194e-26	-0.398469281915058	0.4	0.39	7.93521568960798e-22	ZNF644
3.66696975127005e-26	-0.281544017133605	0.513	0.511	1.34214759866235e-21	ATP2B4
3.87375068617064e-26	-0.385661600470059	0.319	0.33	1.41783148864532e-21	RANBP9
4.63604766842777e-26	-0.351850441495955	0.178	0.211	1.69683980712125e-21	MAPK14
5.96074032660281e-26	-0.375294369254386	0.385	0.385	2.18169056693989e-21	STAT5B
6.17003519561902e-26	-0.388029441824147	0.298	0.315	2.25829458194852e-21	PHIP
6.53717511104863e-26	-0.391132452593824	0.239	0.264	2.39267146239491e-21	CRLF3
7.35105994657298e-26	-0.344731494313019	0.159	0.193	2.69056145104518e-21	ZNF44
1.01905134633878e-25	-0.374100190515462	0.342	0.352	3.72982983273458e-21	SPAG9
1.04472761304462e-25	-0.386825931534962	0.357	0.357	3.82380753650461e-21	RABEP1
1.05418400417224e-25	-0.35682388573571	0.41	0.41	3.85841887367081e-21	ATP1B3
1.30604435319301e-25	-0.385393715856465	0.234	0.261	4.78025293712175e-21	ARL15
1.99256003621841e-25	-0.403349409245739	0.168	0.203	7.29296898856301e-21	PGAP1
2.03907018821812e-25	-0.31283292637907	0.112	0.147	7.46320079589713e-21	POU2F1
2.36218304688553e-25	-0.390429219039346	0.252	0.274	8.64582616990574e-21	CNST
3.37434789154108e-25	-0.365031979468472	0.407	0.396	1.23504507178295e-20	STAG2
3.59936471944903e-25	-0.37992011776871	0.23	0.256	1.31740348096554e-20	LRCH1
5.11243450899966e-25	-0.397295657587498	0.388	0.377	1.87120215463897e-20	NUP98
5.22107305898818e-25	-0.370176037841159	0.321	0.33	1.91096495032026e-20	NCK2
5.7238821194523e-25	-0.344840080846101	0.14	0.174	2.09499809454074e-20	BTRC
6.61231686529483e-25	-0.336867548841458	0.448	0.44	2.42017409586656e-20	DNAJC1
6.67712756673968e-25	-0.364891466272806	0.464	0.434	2.44389546070239e-20	STAT3
6.8474798107847e-25	-0.347569437693118	0.17	0.204	2.50624608554531e-20	CAMKMT
8.24306475182927e-25	-0.355401266515118	0.262	0.287	3.01704412981703e-20	PCED1B
8.4313266156398e-25	-0.28747169672592	0.618	0.566	3.08594985459032e-20	IQGAP2
1.11254717044273e-24	-0.373105688760911	0.228	0.254	4.07203389853744e-20	XPR1
1.13305247806827e-24	-0.321757126916058	0.108	0.144	4.14708537497767e-20	UBE2E2
1.2253805476829e-24	-0.355232745642981	0.182	0.214	4.48501534257417e-20	MBD2
1.4719736310132e-24	-0.294991758568716	0.097	0.131	5.38757068687142e-20	ARHGAP12
1.67265589189595e-24	-0.359147897438874	0.4	0.4	6.12208782992838e-20	PRKCQ
1.80870512739056e-24	-0.359389613186051	0.167	0.198	6.62004163676219e-20	TFCP2
2.35579865337055e-24	-0.394819830906028	0.221	0.249	8.62245865120153e-20	FCHSD2
3.01897719191306e-24	-0.376863232172698	0.197	0.225	1.1049758420121e-19	MSL2
4.12885978238157e-24	-0.376852660833062	0.314	0.324	1.51120396894948e-19	RLF
4.34843601520569e-24	-0.328692003553805	0.46	0.445	1.59157106592543e-19	DPYD
7.85979627996987e-24	-0.369443877500879	0.427	0.414	2.87676403643177e-19	RPS6KA3
9.35341315339828e-24	-0.379542891297374	0.215	0.241	3.4234427482753e-19	CBFA2T2
1.62113480569472e-23	-0.360024085735422	0.191	0.219	5.93351550232323e-19	UBR3
2.67410697024024e-23	-0.345929162885275	0.492	0.454	9.78749892177629e-19	TMEM123
2.81844001078023e-23	-0.369342000678102	0.223	0.247	1.03157722834567e-18	TNKS
5.1643899698063e-23	-0.356435636232373	0.21	0.236	1.8902183728488e-18	TLK2
8.35134434392223e-23	-0.293724474382051	0.119	0.152	3.05667554331898e-18	NAA16
1.72709144925277e-22	-0.332974350231197	0.43	0.417	6.32132741341007e-18	SDCBP
2.25302767479438e-22	-0.286707504661285	0.1	0.131	8.24630659251489e-18	ABL2
3.50432155319624e-22	-0.316175616922816	0.534	0.488	1.28261673168536e-17	WIPF1
3.75667212709409e-22	-0.37373566669446	0.285	0.297	1.37497956523771e-17	RNF216
5.80350341962853e-22	-0.372914010916588	0.233	0.256	2.12414028661824e-17	PIK3CB
8.77918575727521e-22	-0.348174079664	0.298	0.312	3.2132697790203e-17	PLCL2
1.32011498876528e-21	-0.314359031914412	0.431	0.43	4.83175287037979e-17	ARID5B
1.68618798840803e-21	-0.310624032153924	0.508	0.479	6.17161665637224e-17	SKAP1
1.70423375503741e-21	0.315506279819968	0.188	0.145	6.23766596681244e-17	CEBPD
1.97831660493214e-21	-0.362432189463769	0.319	0.323	7.24083660571213e-17	HIPK1
2.10597428526525e-21	-0.375352170922515	0.259	0.282	7.70807648149933e-17	WWOX
2.276845428643e-21	-0.37823085895426	0.243	0.263	8.33348195337625e-17	LMBR1
2.4425451116128e-21	-0.353804925803026	0.387	0.376	8.93995936301402e-17	ASXL1
2.89195776024097e-21	-0.273329533538558	0.09	0.121	1.0584854598258e-16	ZCCHC14
3.72912784267565e-21	-0.395832649257759	0.305	0.314	1.36489808169772e-16	SIK2
4.01312183727928e-21	-0.318164095158758	0.16	0.19	1.46884272366259e-16	SCML1
4.0948907624886e-21	-0.364881966535334	0.428	0.409	1.49877096797845e-16	GRB2
4.24615281614108e-21	-0.36860001196108	0.315	0.319	1.5541343922358e-16	HECA
4.45954727104089e-21	-0.359460108567145	0.23	0.251	1.63223889667368e-16	USP24
4.7547377526347e-21	-0.378797658105119	0.231	0.25	1.74028156484183e-16	RNF111
4.87899449252596e-21	-0.270267195840316	0.711	0.644	1.78576077420943e-16	ATP2B1
5.14466048933695e-21	-0.364737385610042	0.444	0.428	1.88299718570222e-16	XYLT1
5.3140052280824e-21	-0.370001039135053	0.234	0.254	1.94497905353044e-16	SETX
5.79458465584772e-21	-0.359385582707665	0.234	0.255	2.12087592988682e-16	CEP85L
7.43714618727974e-21	-0.333014255226236	0.169	0.198	2.72206987600626e-16	PIK3C2A
1.10129376807858e-20	-0.346307719122314	0.087	0.115	4.03084532054443e-16	ACSL1
1.71599303130187e-20	-0.354569916224115	0.369	0.363	6.28070609386797e-16	ATP11B
2.15866773416253e-20	-0.35297951660011	0.329	0.337	7.90093977380829e-16	JAZF1
2.45510384057987e-20	-0.368258652506008	0.22	0.241	8.98592556690637e-16	UBE3C
2.78216108583077e-20	-0.308327877192825	0.121	0.152	1.01829877902492e-15	PHLPP1
3.20379575891824e-20	-0.376374777460396	0.287	0.297	1.17262128572167e-15	FAM214A
5.32941465790843e-20	-0.374120948389732	0.266	0.279	1.95061905894107e-15	MDM4
5.63183700461146e-20	-0.339437891809613	0.193	0.22	2.06130866205784e-15	SGMS1
5.91575746627596e-20	-0.30583303716705	0.082	0.111	2.16522639023167e-15	HIP1
6.52540498803868e-20	-0.32573904462173	0.323	0.341	2.38836347967204e-15	ZNF331
9.30710975844845e-20	-0.378609939201052	0.263	0.275	3.40649524268972e-15	LCOR
1.56076590036674e-19	-0.33459147748534	0.321	0.332	5.71255927193229e-15	GRK5
1.84495802260839e-19	-0.329449165887264	0.376	0.374	6.75273085854898e-15	AKNA
2.27988269125042e-19	0.46855896368984	0.1	0.142	8.34459863824567e-15	CD79A
2.6659117708417e-19	-0.348074722231765	0.534	0.477	9.7575036724577e-15	WTAP
3.17319913822907e-19	-0.361736239606187	0.241	0.257	1.16142261658322e-14	TBC1D15
3.40759122205389e-19	-0.369209990470815	0.263	0.276	1.24721246318394e-14	ATP9B
4.78791007889258e-19	-0.334867229797349	0.16	0.186	1.75242296797547e-14	STRN3
5.76184760070359e-19	-0.25612023707362	0.086	0.114	2.10889384033352e-14	BRWD3
6.05374868546065e-19	-0.368735141011631	0.318	0.318	2.21573255636545e-14	PHC3
6.55130988456438e-19	-0.326339216087815	0.5	0.458	2.39784493084941e-14	ITSN2
8.68282897260708e-19	-0.294745744374242	0.092	0.121	3.17800223226392e-14	PIK3AP1
1.13478818469692e-18	-0.330158909410916	0.18	0.207	4.1534382348092e-14	GNAQ
1.24026960810873e-18	-0.29867988154975	0.524	0.481	4.53951079263877e-14	CHD1
1.33128418124171e-18	-0.286060236564317	0.325	0.339	4.87263323176279e-14	ICOS
1.58076529556456e-18	-0.369666150497836	0.263	0.274	5.78575905829586e-14	PRRC2B
1.70982743519391e-18	-0.354256988796052	0.228	0.247	6.25813939555325e-14	EIF4G3
2.19852521361253e-18	-0.321614116766153	0.157	0.186	8.04682213434323e-14	MANBA
2.48708499717515e-18	-0.349792031357231	0.264	0.278	9.10297979816077e-14	KLHL24
2.51372809509773e-18	-0.317471626687508	0.488	0.452	9.20049620086718e-14	TBC1D22A
3.12313143036141e-18	-0.354980068222022	0.26	0.273	1.14309733482658e-13	SMG1
3.22205378703037e-18	-0.323519662537759	0.104	0.132	1.17930390659098e-13	GNA12
4.484610352131e-18	-0.337833740742338	0.22	0.242	1.64141223498347e-13	MAP3K5
4.833700279033e-18	-0.319129451510799	0.155	0.181	1.76918263912887e-13	ZNF407
5.80280349899807e-18	-0.334998364004955	0.457	0.424	2.12388410866828e-13	TRA2A
6.64964846278909e-18	-0.352507012812337	0.242	0.258	2.43383783386544e-13	SMAD2
7.17536757754988e-18	-0.317286087137975	0.168	0.194	2.62625628705903e-13	TANC2
7.47457609055083e-18	-0.346645510182481	0.212	0.232	2.73576959490251e-13	ILRUN
9.97030607677813e-18	-0.328089636928182	0.482	0.44	3.64923172716156e-13	ANKHD1
1.00480163441565e-17	-0.35777406337564	0.235	0.251	3.67767446212472e-13	UBAP1
1.4975305424935e-17	-0.345750079526667	0.204	0.223	5.48111153858047e-13	GAPVD1
1.74319914213634e-17	-0.25341905991768	0.095	0.122	6.3802831801332e-13	CERS6
1.82227802437796e-17	-0.344903143582412	0.208	0.228	6.66971979702577e-13	TPP2
2.00509952763089e-17	-0.346481875758537	0.211	0.23	7.33886478108184e-13	ATAD2B
2.31806515305291e-17	0.544035398773253	0.329	0.389	8.48435026668896e-13	NKG7
2.51264059347792e-17	-0.367495550491577	0.336	0.331	9.19651583618854e-13	FOXJ3
2.67907890212841e-17	-0.326615192473262	0.165	0.189	9.8056966896802e-13	CBL
3.01331837506255e-17	-0.357454188171985	0.283	0.291	1.10290465845664e-12	PPP3R1
3.60132444724592e-17	-0.366235908534026	0.295	0.299	1.31812076093648e-12	FAM13B
3.9861244003284e-17	0.543745456633966	0.143	0.191	1.4589613917642e-12	GZMB
4.3232373383451e-17	-0.348669969537562	0.351	0.343	1.58234809820769e-12	CNOT2
5.01026783893605e-17	-0.30569970265341	0.165	0.192	1.83380813172898e-12	TFDP2
5.85440188893263e-17	-0.3366404322152	0.443	0.415	2.14276963536823e-12	VMP1
5.94210815429247e-17	-0.321566742754177	0.262	0.275	2.17487100555259e-12	OXNAD1
6.07176204535273e-17	-0.345114735180482	0.292	0.297	2.22232562621955e-12	TRIP12
6.48514190960781e-17	-0.273855213129684	0.078	0.104	2.37362679033556e-12	ICAM1
8.03163616239846e-17	-0.318477068423372	0.262	0.278	2.93965915179946e-12	SYTL2
9.31242120084013e-17	-0.314096692099211	0.126	0.152	3.4084392837195e-12	MAN1A1
1.96277592995897e-16	-0.350743861306499	0.377	0.363	7.18395618124283e-12	PCNX1
2.36456712224536e-16	-0.316441616219702	0.459	0.427	8.65455212413026e-12	PRDM2
2.85880194625591e-16	-0.312829660029971	0.116	0.141	1.04635010034912e-11	ACSL4
2.91290322165987e-16	-0.313686878791069	0.149	0.173	1.06615170815973e-11	USP37
4.25075670688345e-16	-0.356274575820107	0.244	0.257	1.55581946228641e-11	UMAD1
4.40745175150249e-16	-0.361045337032984	0.328	0.322	1.61317141556743e-11	RAB6A
4.70377019619372e-16	-0.336543938824121	0.455	0.421	1.72162692950886e-11	CCND3
6.11103041181847e-16	-0.310203703590317	0.472	0.432	2.23669824102968e-11	SMAP2
6.52734823771228e-16	-0.320246306643816	0.376	0.366	2.38907472848507e-11	IFNAR2
7.6082886648315e-16	-0.356493539007769	0.332	0.325	2.78470973421498e-11	RAB1A
7.97271845209949e-16	-0.252116819018478	0.256	0.284	2.91809468065293e-11	FAAH2
1.11591002926228e-15	-0.319207639087761	0.168	0.191	4.08434229810286e-11	PBX3
1.34206023020094e-15	-0.340535953302059	0.33	0.328	4.91207464855847e-11	MAPK1
1.44110528474538e-15	-0.346045142368505	0.316	0.319	5.27458945269655e-11	HSPH1
1.57749141711106e-15	-0.315145926568274	0.179	0.201	5.77377633576818e-11	ATG7
1.63261578554483e-15	-0.343954529313537	0.334	0.327	5.97553703667262e-11	OGA
2.21021018631437e-15	-0.346439656964396	0.217	0.233	8.08959030292923e-11	ANKIB1
3.85653912130594e-15	-0.3289838422063	0.2	0.218	1.41153188378919e-10	FOXK1
4.44107894119116e-15	-0.327320325439772	0.216	0.232	1.62547930326538e-10	XPO6
4.74570347041858e-15	-0.253260431022441	0.093	0.117	1.7369749272079e-10	PTK2
5.43048485506911e-15	-0.346703644637771	0.339	0.333	1.98761176180385e-10	PRKAR2A
7.47602789440539e-15	-0.330602348843689	0.319	0.317	2.73630096963132e-10	KDM4C
8.22556175321145e-15	-0.353098306264544	0.293	0.294	3.01063785729292e-10	OGT
9.56640800196617e-15	-0.304676449657276	0.17	0.191	3.50140099279964e-10	ZNF506
1.09769712508563e-14	-0.320382619538012	0.242	0.258	4.01768124752593e-10	LINC00861
1.1043423016532e-14	-0.324234764180816	0.338	0.337	4.04200325828089e-10	ITGAL
1.52792960210254e-14	-0.368803446879009	0.404	0.378	5.5923751366555e-10	HECTD1
1.5938187474784e-14	-0.304425471526244	0.137	0.16	5.83353599764569e-10	MTHFD1L
1.7703543951257e-14	-0.302712259426637	0.142	0.165	6.47967412159958e-10	DHRSX
1.83675034631983e-14	-0.354305456187913	0.331	0.322	6.72268994256522e-10	ABI1
2.01758251112052e-14	-0.298396447800455	0.163	0.185	7.38455374895223e-10	ABHD18
2.14310370770208e-14	-0.308880540861327	0.296	0.301	7.8439738805604e-10	PSME4
2.14518642070904e-14	-0.300848559061297	0.488	0.451	7.85159681843717e-10	LYST
2.1796547075327e-14	-0.3433385087138	0.382	0.363	7.97775419504042e-10	RSF1
2.23115048054764e-14	-0.333502826725271	0.326	0.32	8.16623387385243e-10	MON2
2.25210832695251e-14	-0.344395747839607	0.327	0.319	8.24294168747889e-10	KCMF1
3.15942626570581e-14	-0.300123411404561	0.143	0.164	1.15638160751098e-09	LENG8
3.88677180712402e-14	-0.328600258850742	0.275	0.281	1.42259734912546e-09	FNDC3A
4.33111002498035e-14	-0.308159502186351	0.294	0.303	1.58522958024306e-09	TGFBR3
6.67070452848644e-14	-0.346829072966455	0.394	0.371	2.44154456447132e-09	CCDC91
6.86562520311601e-14	-0.269720007406096	0.144	0.167	2.51288748059249e-09	USP32
7.93864915220245e-14	-0.348687424735515	0.296	0.3	2.90562497619762e-09	SMAD3
8.21866151297781e-14	-0.283478438994247	0.115	0.137	3.00811230036501e-09	AC068282.1
9.60446724058622e-14	-0.323647922394501	0.233	0.244	3.51533105472696e-09	EPC2
9.92207750474036e-14	-0.284563242349874	0.138	0.16	3.63157958751002e-09	PIP5K1A
1.02113060915444e-13	-0.321614182712674	0.203	0.219	3.73744014256615e-09	COA1
1.06532258988475e-13	-0.311918997529237	0.431	0.403	3.89918721123719e-09	RASA3
1.37191476192618e-13	-0.306834911800527	0.484	0.437	5.02134522012601e-09	KDM2A
1.76844889136376e-13	-0.340451934043489	0.382	0.361	6.4726997872805e-09	ARFGEF1
1.95166313601775e-13	-0.316403459579249	0.456	0.424	7.14328224413856e-09	RBPJ
2.77801106629436e-13	-0.283861874033606	0.159	0.179	1.0167798303744e-08	HDAC4
3.99307496354991e-13	-0.307616923450876	0.138	0.159	1.4615053674089e-08	EIF2AK3
4.79438152339088e-13	-0.300631034559225	0.132	0.153	1.7547915813763e-08	ADAM19
5.85570324399206e-13	-0.288996791185042	0.128	0.148	2.14324594433353e-08	ZNF652
5.99362897754532e-13	-0.348704633481456	0.266	0.27	2.19372814207136e-08	RYBP
6.46743379930185e-13	-0.307261040271763	0.201	0.216	2.36714544488247e-08	CTDSPL2
7.69965841464265e-13	-0.329215497898773	0.348	0.336	2.81815197634335e-08	DNM2
8.07426831109436e-13	-0.276857607745336	0.139	0.159	2.95526294454365e-08	SNHG14
8.46581933579753e-13	-0.30983501099452	0.168	0.186	3.09857453509525e-08	PRKCI
8.67037588256648e-13	-0.284967088596341	0.485	0.453	3.17344427677816e-08	CDC14A
9.7051763406038e-13	-0.287148585857558	0.15	0.169	3.5521915924244e-08	RPS6KB1
1.19814059790182e-12	-0.319805592491764	0.218	0.23	4.38531440238045e-08	KPNA6
1.85391110280742e-12	-0.294015679786122	0.467	0.426	6.78550002738544e-08	ACTR2
2.69350998707968e-12	-0.338303723518328	0.303	0.298	9.85851590371035e-08	MORC3
2.94148856043035e-12	-0.319792721333862	0.217	0.228	1.07661422800311e-07	RABGAP1
3.29885591348807e-12	-0.290280360356355	0.191	0.209	1.20741425289577e-07	SSBP3
3.65817342699637e-12	-0.327818617585465	0.277	0.28	1.33892805601494e-07	CREB1
4.17506396476240e-12	-0.326093691516951	0.364	0.348	1.52811516174269e-07	COG5
6.24166341458422e-12	-0.314741558136412	0.201	0.214	2.28451122637197e-07	APPBP2
6.69632135961236e-12	-0.312843185652138	0.114	0.133	2.45092058083172e-07	DSE
8.33311273598482e-12	-0.308461905571467	0.198	0.212	3.05000259249781e-07	STRN
8.58107388173198e-12	0.327763640068187	0.294	0.248	3.14075885145272e-07	HLA-DPA1
1.02832863285574e-11	-0.313404788866973	0.236	0.244	3.76378562911529e-07	MACO1
1.05290394650427e-11	-0.324325425342149	0.199	0.212	3.85373373460027e-07	ANKRD13C
1.20103255206039e-11	-0.254223747273441	0.16	0.179	4.39589924379625e-07	NFATC1
1.23966863798719e-11	-0.31039993106677	0.227	0.238	4.5373111818969e-07	GALNT11
1.32470465624132e-11	-0.262798903589628	0.118	0.138	4.84855151230886e-07	HS2ST1
1.38827616473153e-11	-0.305485286689925	0.179	0.194	5.08122959053386e-07	SMURF1
1.41600910112778e-11	-0.32111263658796	0.28	0.28	5.18273491103779e-07	LARP4B
1.44795384007492e-11	-0.294680947316164	0.453	0.421	5.29965585005823e-07	PDE4D
1.4846487640459e-11	-0.301627571574337	0.286	0.29	5.43396294128438e-07	TESPA1
2.83557294012572e-11	-0.275012902172138	0.15	0.167	1.03784805181541e-06	RREB1
2.93868308705948e-11	-0.305603203624679	0.195	0.207	1.07558739669464e-06	GTF2F2
3.56279515600573e-11	-0.271994286374047	0.137	0.156	1.30401865504966e-06	MCU
4.35324853620568e-11	-0.29358168187777	0.184	0.197	1.59333249673664e-06	RBFOX2
4.36137349673315e-11	-0.312952893517298	0.331	0.32	1.5963063135393e-06	TAF3
4.63609864232284e-11	-0.29399738067328	0.424	0.394	1.69685846407658e-06	RTN4
5.34365287336408e-11	-0.310276355489237	0.211	0.221	1.95583038817999e-06	FAM126B
5.55100490654743e-11	-0.293418061601506	0.182	0.196	2.03172330584542e-06	RFX7
5.83183132291485e-11	-0.323906784382912	0.26	0.262	2.13450858250007e-06	PPP6R2
6.8562705028655e-11	-0.278009589500209	0.14	0.159	2.5094635667538e-06	ITGAV
9.45059289471451e-11	-0.290631294763864	0.168	0.183	3.45901150539446e-06	KDM3B
1.01357530761769e-10	-0.276593893650605	0.132	0.15	3.7097869834115e-06	ATP2C1
1.27781388142015e-10	-0.278837217151574	0.166	0.181	4.6769265873859e-06	AVL9
1.32543954696297e-10	-0.335091276637176	0.256	0.26	4.85124128583916e-06	ITPR1
1.51832207701552e-10	-0.318203670918721	0.267	0.267	5.55721063408452e-06	WDR26
1.66441783371745e-10	-0.286209597708155	0.161	0.176	6.09193571318925e-06	MFSD14C
1.81016092331506e-10	-0.290772050280852	0.168	0.182	6.62536999542544e-06	RALGAPB
1.94054630621449e-10	-0.319128998202163	0.249	0.252	7.10259353537564e-06	SCAF8
2.04375401982113e-10	-0.306629027980062	0.291	0.287	7.48034408794731e-06	SKI
2.46279908255864e-10	-0.250161844770482	0.089	0.107	9.01409092207289e-06	CHSY1
2.519933018185e-10	-0.336950921626268	0.282	0.279	9.22320683985893e-06	EPS15
2.98515018558756e-10	-0.301465489155883	0.22	0.228	1.0925948194269e-05	ARID1A
3.08217955678733e-10	-0.278225341189641	0.142	0.16	1.12810853957973e-05	AHCYL2
3.23426297944376e-10	-0.326387655148898	0.363	0.343	1.18377259310621e-05	FAF1
3.39640659077918e-10	-0.315472147626402	0.185	0.197	1.24311877629109e-05	SFMBT1
3.5056741840669e-10	-0.315955808930412	0.291	0.287	1.28311180811032e-05	ZFC3H1
3.76190825856379e-10	-0.256680784621647	0.488	0.445	1.37689604171693e-05	CD6
3.83325423785528e-10	-0.276076400161748	0.143	0.161	1.40300938359741e-05	SIPA1L3
4.1402917372341e-10	-0.282581906101498	0.188	0.202	1.51538817874505e-05	RAD51B
4.40524192730179e-10	-0.301652936059242	0.27	0.272	1.61236259781173e-05	NSMCE2
5.86445632546147e-10	-0.313022735054859	0.335	0.323	2.14644965968215e-05	EXOC4
6.0763803737633e-10	-0.275028095178847	0.533	0.468	2.22401598060111e-05	NSD3
6.51114196697457e-10	-0.345884168025961	0.345	0.323	2.38314307133236e-05	AMBRA1
7.31211351252237e-10	-0.294693813440567	0.208	0.218	2.67630666671831e-05	DENND4C
8.0788858878256e-10	-0.319177318540998	0.258	0.259	2.95695302380305e-05	GSK3B
9.56414180667746e-10	-0.269484560983834	0.136	0.152	3.50057154266202e-05	TAF1
1.12530439284647e-09	-0.279012812261142	0.182	0.195	4.11872660825737e-05	TMEM71
1.30696502506324e-09	-0.287772766117013	0.197	0.207	4.78362268823398e-05	TOP2B
1.43991439579361e-09	-0.282843833485425	0.382	0.362	5.27023068004421e-05	NLRP1
1.58389650232312e-09	-0.295673609453101	0.175	0.187	5.79721958815286e-05	RETREG3
1.60031821107316e-09	-0.254344332143186	0.324	0.328	5.85732468434889e-05	GLCCI1
2.11350085226837e-09	-0.32061450185697	0.302	0.294	7.73562446938748e-05	SENP5
3.03839835529582e-09	-0.310977805572003	0.23	0.234	0.000111208418202182	GTF2I
3.23410455265737e-09	-0.310845838302756	0.235	0.238	0.000118371460731813	GPBP1L1
3.93408583056e-09	-0.300672790779965	0.226	0.231	0.000143991475484326	GIT2
4.29365519546726e-09	-0.320195478094765	0.206	0.213	0.000157152073809297	ADAM17
4.32907110986209e-09	-0.259774466362615	0.179	0.192	0.000158448331692063	NF1
4.40117016028192e-09	-0.26250914125591	0.174	0.187	0.000161087229036478	EYA3
4.90990689427822e-09	-0.315901522995033	0.242	0.243	0.000179707502237477	SND1
7.0098093718174e-09	-0.304066868236852	0.338	0.321	0.000256566032817889	SENP6
7.02322427007148e-09	-0.2957037845799	0.194	0.203	0.000257057031508886	ECPAS
8.41912534766696e-09	-0.296223558102218	0.176	0.187	0.000308148406849958	ZBTB44
9.49434909664694e-09	-0.298810100844778	0.195	0.203	0.000347502671286375	PPP2R5A
9.78809555593157e-09	-0.262857590382344	0.17	0.182	0.000358254085442652	SLC20A2
9.81383959488991e-09	-0.271135797065557	0.36	0.355	0.000359196343012565	AUTS2
1.12606069500366e-08	-0.262237867487773	0.357	0.344	0.00041214947497829	BCL2
1.16781412070907e-08	-0.267278539811018	0.157	0.171	0.000427431646320725	KAT2B
1.27459518862097e-08	-0.285528600384048	0.47	0.424	0.00046651458498716	TLE4
1.3963669995637e-08	0.646854814212992	0.666	0.604	0.000511084285510309	CD74
2.43087403815716e-08	-0.300281181152752	0.162	0.173	0.000889724206705903	NOTCH2
2.51193911717063e-08	-0.297519686820179	0.179	0.188	0.000919394836275623	RETREG1
2.71443100934392e-08	-0.288428178297415	0.416	0.377	0.000993508893729969	SRSF4
2.76799198199456e-08	-0.301841183756335	0.247	0.246	0.00101311274532983	CHD6
3.62499908926636e-08	-0.302477332239391	0.263	0.26	0.00132678591666238	RBL2
3.94418351519479e-08	-0.26048583499805	0.157	0.169	0.00144361060839644	REPS1
4.52381974026843e-08	-0.297621028196132	0.395	0.362	0.00165576326313565	XRN1
4.63316901587783e-08	-0.278667434353237	0.196	0.203	0.00169578619150144	WWP1
5.2498156133298e-08	-0.293161424539053	0.371	0.347	0.00192148501263484	ACAP2
6.17212378981787e-08	-0.262518386487928	0.44	0.401	0.00225905902831124	GSPT1
6.97081646886849e-08	-0.312674297289425	0.254	0.251	0.00255138853577056	CUL1
7.13794089209553e-08	-0.303033666369609	0.173	0.184	0.00261255774591588	MXD1
7.40690077820064e-08	-0.273584167754929	0.173	0.181	0.00271099975382921	OOEP
7.53410768181238e-08	-0.285720758019932	0.185	0.193	0.00275755875262015	CSNK1G1
7.80899278903808e-08	-0.274084450523027	0.41	0.38	0.00285816945071583	DIAPH1
9.06084873922856e-08	-0.310199834831925	0.281	0.273	0.00331636124704505	SNRK
9.71720680688482e-08	-0.300964813885874	0.321	0.305	0.00355659486338791	RESF1
1.04553425792876e-07	-0.278371976426877	0.197	0.204	0.00382675993744506	FBXO42
1.11813800736244e-07	-0.270137878239149	0.264	0.263	0.00409249692074728	MALT1
1.12624100726568e-07	-0.282697679684227	0.375	0.348	0.00412215471069312	KMT2A
1.37638424072496e-07	-0.264996610314268	0.155	0.166	0.00503770395947742	TYW1
1.63386990058921e-07	-0.251472600715056	0.192	0.202	0.00598012722314658	CMTM8
1.98403813233776e-07	-0.309656903501336	0.246	0.245	0.00726177796816943	RCOR1
1.98641605486095e-07	-0.28984139941313	0.235	0.236	0.00727048140239656	PITPNB
2.10603148953154e-07	-0.255674680210632	0.145	0.157	0.0077082858548344	ARID3B
2.27753516828505e-07	-0.27675907703349	0.153	0.164	0.0083360064694401	SNX14
2.38672607920723e-07	-0.253879406286235	0.17	0.18	0.00873565612250638	CLIP1
2.94207490493427e-07	-0.256146313051269	0.474	0.433	0.0107682883595499	SLC2A3
3.02612487047093e-07	-0.261558553118232	0.178	0.187	0.0110759196384106	IQCB1
3.20349069923719e-07	-0.286883681716023	0.172	0.18	0.011725096308278	UBE2W
3.3175656862197e-07	-0.250317805368656	0.136	0.148	0.0121426221681327	DDI2
3.77159967752597e-07	-0.266419886999061	0.181	0.189	0.0138044319797128	CDC27
4.30399795271093e-07	-0.280736745438793	0.203	0.208	0.0157530629067173	RASA1
4.43276112417432e-07	-0.280272258487849	0.193	0.198	0.0162243489905904	UBAP2
4.73105364822081e-07	-0.305871334503655	0.311	0.297	0.017316129457853	RALA
4.89299211986667e-07	-0.274921770145093	0.241	0.241	0.017908840457924	BRD7
4.94521571889935e-07	-0.261723723778603	0.486	0.433	0.0180999840527435	GCC2
5.40502782677633e-07	-0.305083677391652	0.29	0.278	0.0197829423487841	STT3B
5.78002316207149e-07	-0.310166178559917	0.11	0.121	0.0211554627754978	FLOT1
5.84232146857776e-07	-0.284398689807683	0.247	0.245	0.0213834808071414	FBXL17
5.92600746365898e-07	-0.341171211359353	0.307	0.297	0.0216897799177382	CTSS
6.06582508111151e-07	-0.258717633612613	0.174	0.183	0.0222015263793762	FBXO28
7.09846110308693e-07	-0.282707597538647	0.203	0.208	0.0259810774834085	GMDS
7.15160440830091e-07	-0.288509336786977	0.377	0.347	0.0261755872948222	ACTR3
7.18870805266428e-07	-0.269568029032351	0.19	0.197	0.0263113903435565	SENP7
7.56111887729504e-07	-0.276789334681756	0.169	0.177	0.0276744512027876	SUSD6
7.97927967080896e-07	-0.292297365084977	0.221	0.224	0.0292049615231279	PITPNA
8.67377731212714e-07	-0.257165248552161	0.133	0.145	0.0317468923401165	PELI2
9.58209286180302e-07	-0.3039585437837	0.321	0.302	0.0350714180834852	RAB3GAP1
1.01830295357665e-06	-0.2756824241081	0.22	0.222	0.037270906403859	POGZ
1.29698259145451e-06	-0.280732678280682	0.177	0.183	0.0474708598298267	AP1G1
1.30487359299854e-06	-0.281186028678221	0.358	0.333	0.0477596783773395	BIRC2
1.75029410282144e-06	-0.281342458830474	0.422	0.38	0.0640625144573676	PPP1R12A
1.7986478360661e-06	-0.282190933167623	0.226	0.226	0.0658323094478554	USP10
1.96725648242372e-06	-0.261959734253317	0.163	0.17	0.0720035545131904	UBXN7
2.15801050987754e-06	-0.267518558593002	0.169	0.176	0.0789853426720279	NR2C2
2.18834671972649e-06	-0.260414971321952	0.157	0.166	0.0800956782887091	DCAF6
2.27661635543531e-06	-0.275962011787801	0.204	0.207	0.0833264352252877	HECTD4
2.28013783414233e-06	-0.287877781645312	0.39	0.355	0.0834553248674434	UBAC2
2.30805326319054e-06	-0.262103506915202	0.174	0.18	0.0844770574860369	LATS1
2.69250897342759e-06	-0.287170719910077	0.389	0.353	0.0985485209364231	BRD4
2.96504501372033e-06	-0.345525661902546	0.249	0.244	0.108523612547178	PFKFB3
3.2074705280545e-06	-0.282482104589447	0.213	0.214	0.117396628797323	BTAF1
3.2391939794912e-06	-0.317735640653089	0.476	0.42	0.118557738843357	RAC1
3.86241938062795e-06	-0.296128012096469	0.308	0.29	0.141368411750364	TRIM33
4.02779385264184e-06	-0.293766312847533	0.299	0.284	0.147421282800544	AP2B1
4.35750866522023e-06	-0.251116191580234	0.17	0.177	0.159489174655726	MOSMO
4.58155609781462e-06	-0.291377465061709	0.267	0.258	0.167689534736113	USP33
5.80334694370179e-06	-0.281983518283491	0.243	0.241	0.212408301486429	NEK1
5.87300827269408e-06	-0.253170234116527	0.16	0.168	0.214957975788876	KMT5B
5.91214838952847e-06	-0.281214562276633	0.205	0.206	0.216390543205131	IPO7
6.03092563538127e-06	-0.288111604564435	0.24	0.236	0.22073790918059	DYM
6.14347017940775e-06	-0.298048786659024	0.327	0.305	0.224857152036503	ZFAND6
7.07848441716951e-06	-0.259289065611901	0.227	0.228	0.259079608152821	DIAPH2
7.09607622886275e-06	-0.252182941820236	0.183	0.189	0.259723486052605	CASC4
7.22095512197289e-06	-0.261754368140847	0.179	0.185	0.26429417841933	PDS5B
7.95532351201027e-06	-0.276312604906457	0.36	0.331	0.291172795863088	CEP350
8.90005500110662e-06	-0.281322695860945	0.34	0.318	0.325750913095503	USP25
9.90955595859455e-06	-0.289730465782938	0.46	0.403	0.362699657640519	PSMA1
1.00418207080251e-05	-0.270513994723026	0.411	0.378	0.367540679734426	RILPL2
1.24001817673224e-05	-0.302770480116826	0.248	0.242	0.453859052865767	RTN3
1.25133769458586e-05	-0.253716118896149	0.17	0.175	0.458002109595369	FAM193A
1.53411389767112e-05	-0.281657529118619	0.248	0.241	0.561501027686608	PPP2R5E
1.76636919836288e-05	-0.287538475614661	0.29	0.277	0.646508790292799	AC008105.3
1.8469598840976e-05	-0.344147622998316	0.366	0.338	0.676005787178562	MARCKSL1
2.01711950648647e-05	-0.292609122090909	0.317	0.295	0.738285910569111	MARCH6
2.71167952772591e-05	-0.251805017993107	0.173	0.178	0.992501823942961	NBEAL1
2.7966388878462e-05	-0.293122730352649	0.251	0.244	1	BORCS5
2.95279696550649e-05	-0.302805105504909	0.155	0.16	1	RNF19B
3.09473311559139e-05	-0.250677700503835	0.204	0.205	1	PCSK7
3.1434565207598e-05	-0.288953226066753	0.26	0.251	1	CBFB
3.53981150641248e-05	-0.272902460193263	0.263	0.254	1	RBM26
4.22722347230524e-05	-0.25751991018229	0.359	0.333	1	SLC7A6
4.2636846238564e-05	-0.286901352207128	0.288	0.272	1	ADNP
4.2655937776494e-05	-0.257374017398346	0.18	0.185	1	CAMK2D
4.30421089267141e-05	-0.297720841303158	0.203	0.203	1	BID
5.52043626159806e-05	-0.252598144048634	0.167	0.171	1	MLLT10
6.99257409453546e-05	-0.275047715032094	0.201	0.201	1	DNAJC5
7.77873939452798e-05	-0.269091300388686	0.241	0.236	1	PDE8A
8.11616076034205e-05	-0.269765304586378	0.427	0.378	1	NCOR1
8.23996752342744e-05	-0.276955069124643	0.288	0.274	1	FBXW11
8.41097598638107e-05	-0.279852973278738	0.449	0.402	1	SERPINB9
9.73336544711675e-05	-0.272816029767959	0.264	0.253	1	PPA1
0.00010805874694864	-0.272025234316822	0.218	0.215	1	YLPM1
0.000117007015960709	-0.273587987197234	0.277	0.265	1	KCTD20
0.000117208511144492	-0.253193306594004	0.214	0.213	1	TNPO1
0.00012257547235352	-0.280271307648833	0.236	0.23	1	OXSR1
0.000134057197384937	-0.269194292856768	0.365	0.334	1	RANBP2
0.000160013777227837	-0.252079962097444	0.148	0.153	1	PVT1
0.000162259029132339	-0.28653640866488	0.291	0.272	1	PSPC1
0.000180750544638713	-0.27527380248266	0.309	0.289	1	MICU2
0.000225793591260735	-0.26248238275651	0.226	0.221	1	HIPK3
0.000238768076100503	-0.289904388034161	0.311	0.288	1	ZFR
0.000249552742018787	-0.272946991387569	0.232	0.226	1	USP12
0.000251358059328057	-0.252465064985754	0.351	0.326	1	FNIP1
0.000292117153925122	-0.281254704096311	0.309	0.286	1	JPX
0.000296996209421038	-0.280051020836333	0.208	0.205	1	ARL8B
0.000345519279295608	-0.257424250687225	0.227	0.222	1	PSMA3-AS1
0.000400040427408794	-0.262344501566084	0.229	0.223	1	CUL5
0.000405493791903343	-0.263307169689777	0.319	0.3	1	KDM2B
0.000428417264472812	-0.276030004645714	0.256	0.244	1	FGD3
0.000508045234000728	-0.258019386084597	0.296	0.278	1	CYFIP2
0.000579788019502987	-0.251113342427194	0.251	0.243	1	ECE1
0.000619621902163184	-0.252404119265213	0.224	0.219	1	EHMT1
0.000676535484737174	-0.274629243882896	0.256	0.245	1	BTBD7
0.000730543446509417	-0.272479157954913	0.269	0.254	1	PPP6C
0.000825206646117895	-0.259420282151382	0.196	0.194	1	TMEM131
0.000830125927663431	-0.272352341812184	0.31	0.29	1	YAF2
0.000919301373796694	-0.262508152088208	0.155	0.158	1	ERGIC1
0.00111132972155198	-0.272262016270802	0.341	0.312	1	MBNL2
0.00146781313020433	-0.255024832352591	0.206	0.202	1	QRICH1
0.00177629371511189	-0.263213785925118	0.24	0.23	1	FOXN2
0.00205734630781334	-0.277414180352128	0.243	0.231	1	UBE2G1
0.00228980215657978	-0.259447166062029	0.319	0.292	1	RNF145
0.00244426933274047	-0.258585672278666	0.192	0.189	1	MAP4
0.00273372601909829	-0.271538158667824	0.272	0.255	1	USP8
0.00306906418960523	-0.251491738790255	0.278	0.263	1	SMARCA2
0.0032273321213941	-0.255452070841527	0.277	0.261	1	ZNRF2
0.00370146181011627	-0.256668173819437	0.228	0.219	1	CLTC
0.00370615697014272	-0.281070437156156	0.268	0.251	1	LRRFIP2
0.00584190132454987	-0.257771408272334	0.267	0.251	1	SPPL2A
0.00798559419149348	-0.250030977423117	0.233	0.222	1	TSPAN14
0.00815202777941522	-0.254220277955592	0.368	0.331	1	PBRM1
0.00879798446389981	-0.273269098516213	0.341	0.306	1	FKBP1A
0.00941647508346594	-0.250041167693578	0.319	0.291	1	PKN2
0.00995508486128744	-0.262061748270746	0.289	0.268	1	FBXO34
0.0116944335139703	-0.265344204818447	0.255	0.239	1	HOOK3
0.0146222461974084	-0.253056749759372	0.219	0.208	1	PPTC7
0.0161606566665262	-0.250874288040112	0.296	0.275	1	PIBF1
0.0177677107667095	-0.265054495470423	0.21	0.202	1	ST3GAL1
0.0203603729470216	-0.251532538507519	0.33	0.3	1	BICRAL
0.0222626089958656	-0.265691051782235	0.197	0.19	1	GCH1
0.0525818261453784	-0.263855123877571	0.308	0.28	1	TPM4
0.0533817294623826	-0.251542756903059	0.305	0.278	1	RNF115
0.0794627962441139	0.350382086610989	0.106	0.103	1	FGFBP2
0.106306422421864	-0.258603273470061	0.182	0.174	1	STXBP2
0.126480620869347	-0.295033598272894	0.274	0.233	1	EHD1
0.13361093793454	-0.257991617148469	0.253	0.233	1	BNIP3L
0.140325693153703	-0.2630421877935	0.374	0.336	1	TNFRSF1B
0.186124346958407	-0.252090887039371	0.295	0.264	1	GOLPH3
0.204011943620266	-0.262508847278683	0.229	0.212	1	AP1S2
